# (S)PhG0
[1 1 1 1 2 2 0 0 0 0 0 0 0 0 0 0 0 0 0 0 0 0 0 0]
[  113   213   303   402   506 10202 10310 10415 10509 20310 20415 20509
 30405 30503 40508     0     0     0     0     0     0     0     0     0]
# (S)PhG1
[1 1 1 2 2 2 0 0 0 0 0 0 0 0 0 0 0 0 0 0 0 0 0 0]
[  103   203   302   403   505 10206 10303 10406 10502 20305 20402 20508
 30405 30505 40508     0     0     0     0     0     0     0     0     0]
# (S)PhG2
[1 1 1 2 2 2 0 0 0 0 0 0 0 0 0 0 0 0 0 0 0 0 0 0]
[  103   210   303   402   505 10207 10302 10405 10508 20309 20412 20515
 30405 30508 40505     0     0     0     0     0     0     0     0     0]
# (S)PhG3
[1 1 1 1 2 2 0 0 0 0 0 0 0 0 0 0 0 0 0 0 0 0 0 0]
[  110   210   303   402   505 10202 10307 10412 10515 20307 20412 20515
 30405 30508 40505     0     0     0     0     0     0     0     0     0]
# (S)PhG4
[1 1 1 1 2 2 0 0 0 0 0 0 0 0 0 0 0 0 0 0 0 0 0 0]
[  107   207   303   402   508 10202 10310 10409 10515 20310 20409 20515
 30403 30505 40508     0     0     0     0     0     0     0     0     0]
# (S)PhG5
[1 1 1 1 2 2 0 0 0 0 0 0 0 0 0 0 0 0 0 0 0 0 0 0]
[  103   213   313   403   502 10210 10310 10402 10505 20302 20412 20515
 30412 30515 40505     0     0     0     0     0     0     0     0     0]
# (S)PhG6
[1 1 1 1 2 2 0 0 0 0 0 0 0 0 0 0 0 0 0 0 0 0 0 0]
[  110   210   303   402   503 10202 10313 10412 10509 20313 20412 20509
 30403 30506 40505     0     0     0     0     0     0     0     0     0]
# (S)PhG7
[1 1 1 1 1 2 0 0 0 0 0 0 0 0 0 0 0 0 0 0 0 0 0 0]
[  110   210   303   403   502 10202 10313 10407 10512 20313 20407 20512
 30406 30503 40505     0     0     0     0     0     0     0     0     0]
# (S)PhG8
[1 1 1 1 1 2 0 0 0 0 0 0 0 0 0 0 0 0 0 0 0 0 0 0]
[  113   213   303   406   502 10202 10310 10407 10515 20310 20407 20515
 30403 30505 40508     0     0     0     0     0     0     0     0     0]
# (S)PhG9
[1 1 1 1 1 2 0 0 0 0 0 0 0 0 0 0 0 0 0 0 0 0 0 0]
[  107   207   303   406   502 10202 10310 10413 10509 20310 20413 20509
 30403 30503 40506     0     0     0     0     0     0     0     0     0]
# (S)PhG10
[1 1 1 1 2 2 0 0 0 0 0 0 0 0 0 0 0 0 0 0 0 0 0 0]
[  103   203   310   402   505 10206 10313 10403 10502 20307 20405 20508
 30412 30515 40505     0     0     0     0     0     0     0     0     0]
# (S)PhG11
[1 1 1 1 2 2 0 0 0 0 0 0 0 0 0 0 0 0 0 0 0 0 0 0]
[  103   203   310   402   503 10206 10307 10405 10502 20313 20403 20506
 30412 30509 40505     0     0     0     0     0     0     0     0     0]
# (S)PhG12
[1 1 1 1 2 2 0 0 0 0 0 0 0 0 0 0 0 0 0 0 0 0 0 0]
[  106   203   313   406   502 10203 10307 10402 10508 20310 20403 20505
 30409 30515 40508     0     0     0     0     0     0     0     0     0]
# (S)PhG13
[1 1 1 2 2 2 0 0 0 0 0 0 0 0 0 0 0 0 0 0 0 0 0 0]
[  113   213   302   403   506 10202 10315 10412 10509 20315 20412 20509
 30405 30508 40505     0     0     0     0     0     0     0     0     0]
# (S)PhG14
[1 1 1 1 2 2 0 0 0 0 0 0 0 0 0 0 0 0 0 0 0 0 0 0]
[  103   210   310   403   502 10207 10307 10402 10505 20302 20409 20512
 30409 30512 40505     0     0     0     0     0     0     0     0     0]
# (S)PhG15
[1 1 1 2 2 2 0 0 0 0 0 0 0 0 0 0 0 0 0 0 0 0 0 0]
[  103   210   302   405   503 10213 10303 10402 10506 20312 20415 20509
 30405 30505 40508     0     0     0     0     0     0     0     0     0]
# (S)PhG16
[1 1 1 2 2 2 0 0 0 0 0 0 0 0 0 0 0 0 0 0 0 0 0 0]
[  110   210   302   403   505 10202 10312 10409 10515 20312 20409 20515
 30405 30505 40508     0     0     0     0     0     0     0     0     0]
# (S)PhG17
[1 1 1 2 2 2 0 0 0 0 0 0 0 0 0 0 0 0 0 0 0 0 0 0]
[  106   213   306   402   503 10207 10302 10408 10505 20309 20415 20512
 30408 30505 40505     0     0     0     0     0     0     0     0     0]
# (S)PhG18
[1 1 1 1 2 2 0 0 0 0 0 0 0 0 0 0 0 0 0 0 0 0 0 0]
[  107   207   306   402   505 10202 10313 10409 10512 20313 20409 20512
 30406 30503 40505     0     0     0     0     0     0     0     0     0]
# (S)PhG19
[1 1 1 1 2 2 0 0 0 0 0 0 0 0 0 0 0 0 0 0 0 0 0 0]
[  113   213   306   402   503 10202 10307 10415 10512 20307 20415 20512
 30408 30505 40505     0     0     0     0     0     0     0     0     0]
# (S)PhG20
[1 1 1 2 2 2 0 0 0 0 0 0 0 0 0 0 0 0 0 0 0 0 0 0]
[  107   207   302   405   508 10202 10309 10412 10515 20309 20412 20515
 30405 30508 40505     0     0     0     0     0     0     0     0     0]
# (S)PhG21
[1 1 1 1 2 2 0 0 0 0 0 0 0 0 0 0 0 0 0 0 0 0 0 0]
[  106   213   313   406   502 10207 10307 10402 10508 20302 20409 20515
 30409 30515 40508     0     0     0     0     0     0     0     0     0]
# (S)PhG22
[1 1 1 1 2 4 0 0 0 0 0 0 0 0 0 0 0 0 0 0 0 0 0 0]
[  109   216   316   409   500 10207 10307 10402 10509 20302 20409 20516
 30409 30516 40509     0     0     0     0     0     0     0     0     0]
# (S)PhG23
[1 1 1 2 2 2 0 0 0 0 0 0 0 0 0 0 0 0 0 0 0 0 0 0]
[  103   207   302   402   503 10208 10305 10405 10502 20309 20409 20508
 30402 30505 40505     0     0     0     0     0     0     0     0     0]
# (S)PhG24
[1 1 1 2 2 2 0 0 0 0 0 0 0 0 0 0 0 0 0 0 0 0 0 0]
[  108   208   302   405   505 10202 10308 10409 10509 20308 20409 20509
 30405 30505 40502     0     0     0     0     0     0     0     0     0]
# (S)PhG25
[1 1 1 2 2 2 0 0 0 0 0 0 0 0 0 0 0 0 0 0 0 0 0 0]
[  107   207   302   402   503 10202 10309 10409 10508 20309 20409 20508
 30402 30505 40505     0     0     0     0     0     0     0     0     0]
# (S)PhG26
[1 1 1 1 6 6 0 0 0 0 0 0 0 0 0 0 0 0 0 0 0 0 0 0]
[  102   215   315   402   510 10215 10315 10402 10510 20302 20410 20502
 30410 30502 40505     0     0     0     0     0     0     0     0     0]
# (S)PhG27
[1 1 1 1 2 2 0 0 0 0 0 0 0 0 0 0 0 0 0 0 0 0 0 0]
[  103   207   307   403   502 10208 10308 10402 10505 20302 20408 20509
 30408 30509 40505     0     0     0     0     0     0     0     0     0]
# (S)PhG28
[1 1 1 1 2 2 0 0 0 0 0 0 0 0 0 0 0 0 0 0 0 0 0 0]
[  107   207   303   402   502 10202 10308 10409 10509 20308 20409 20509
 30405 30505 40502     0     0     0     0     0     0     0     0     0]
# (S)PhG29
[1 1 1 2 2 2 0 0 0 0 0 0 0 0 0 0 0 0 0 0 0 0 0 0]
[  107   207   302   403   508 10202 10309 10408 10515 20309 20408 20515
 30405 30508 40511     0     0     0     0     0     0     0     0     0]
# (S)PhG30
[1 1 1 1 2 4 0 0 0 0 0 0 0 0 0 0 0 0 0 0 0 0 0 0]
[  102   202   305   406   500 10202 10307 10408 10500 20307 20408 20500
 30403 30505 40506     0     0     0     0     0     0     0     0     0]
# (S)PhG31
[1 1 1 2 2 4 0 0 0 0 0 0 0 0 0 0 0 0 0 0 0 0 0 0]
[  102   207   309   408   500 10207 10309 10408 10500 20302 20403 20505
 30405 30507 40506     0     0     0     0     0     0     0     0     0]
# (S)PhG32
[1 1 2 2 2 6 0 0 0 0 0 0 0 0 0 0 0 0 0 0 0 0 0 0]
[  103   202   305   403   505 10203 10302 10406 10508 20305 20405 20507
 30408 30510 40504     0     0     0     0     0     0     0     0     0]
# (S)PhG33
[1 1 1 2 2 4 0 0 0 0 0 0 0 0 0 0 0 0 0 0 0 0 0 0]
[  102   205   307   406   500 10207 10309 10408 10500 20302 20403 20505
 30405 30507 40506     0     0     0     0     0     0     0     0     0]
# (S)PhG34
[1 1 1 2 2 4 0 0 0 0 0 0 0 0 0 0 0 0 0 0 0 0 0 0]
[  102   202   306   407   500 10202 10308 10409 10500 20308 20409 20500
 30405 30506 40507     0     0     0     0     0     0     0     0     0]
# (S)PhG35
[1 1 1 1 2 4 0 0 0 0 0 0 0 0 0 0 0 0 0 0 0 0 0 0]
[  102   202   305   407   500 10202 10307 10409 10500 20307 20409 20500
 30402 30505 40507     0     0     0     0     0     0     0     0     0]
# (S)PhG36
[1 1 1 1 2 2 0 0 0 0 0 0 0 0 0 0 0 0 0 0 0 0 0 0]
[  102   202   305   407   506 10202 10307 10409 10508 20307 20409 20508
 30402 30503 40505     0     0     0     0     0     0     0     0     0]
# (S)PhG37
[1 1 1 1 2 4 0 0 0 0 0 0 0 0 0 0 0 0 0 0 0 0 0 0]
[  109   206   316   409   500 10203 10307 10402 10509 20310 20403 20506
 30409 30516 40509     0     0     0     0     0     0     0     0     0]
# (S)PhG38
[1 2 2 2 2 4 0 0 0 0 0 0 0 0 0 0 0 0 0 0 0 0 0 0]
[  109   212   308   415   500 10205 10305 10408 10507 20308 20405 20510
 30411 30506 40513     0     0     0     0     0     0     0     0     0]
# (S)PhG39
[1 2 2 2 2 6 0 0 0 0 0 0 0 0 0 0 0 0 0 0 0 0 0 0]
[  115   215   309   412   502 10202 10308 10405 10510 20308 20405 20510
 30405 30504 40507     0     0     0     0     0     0     0     0     0]
# (S)PhG40
[1 2 2 2 2 6 0 0 0 0 0 0 0 0 0 0 0 0 0 0 0 0 0 0]
[  115   215   312   409   516 10202 10305 10408 10503 20305 20408 20503
 30405 30506 40509     0     0     0     0     0     0     0     0     0]
# (S)PhG41
[1 1 1 1 2 2 0 0 0 0 0 0 0 0 0 0 0 0 0 0 0 0 0 0]
[  102   210   307   415   515 10210 10307 10415 10515 20303 20405 20505
 30408 30508 40502     0     0     0     0     0     0     0     0     0]
# (S)PhG42
[1 1 2 2 2 6 0 0 0 0 0 0 0 0 0 0 0 0 0 0 0 0 0 0]
[  113   202   302   403   508 10215 10315 10412 10502 20302 20405 20510
 30405 30510 40507     0     0     0     0     0     0     0     0     0]
# (S)PhG43
[1 1 2 2 2 6 0 0 0 0 0 0 0 0 0 0 0 0 0 0 0 0 0 0]
[  113   202   302   406   503 10215 10315 10409 10516 20302 20408 20503
 30408 30503 40509     0     0     0     0     0     0     0     0     0]
# (S)PhG44
[1 1 2 2 2 4 0 0 0 0 0 0 0 0 0 0 0 0 0 0 0 0 0 0]
[  113   212   309   408   500 10203 10306 10409 10511 20305 20408 20510
 30405 30507 40506     0     0     0     0     0     0     0     0     0]
# (S)PhG45
[1 1 2 2 2 6 0 0 0 0 0 0 0 0 0 0 0 0 0 0 0 0 0 0]
[  113   202   302   406   508 10215 10315 10409 10502 20302 20408 20510
 30408 30510 40504     0     0     0     0     0     0     0     0     0]
# (S)PhG46
[1 1 2 2 2 6 0 0 0 0 0 0 0 0 0 0 0 0 0 0 0 0 0 0]
[  113   202   302   403   503 10215 10315 10412 10516 20302 20405 20503
 30405 30503 40506     0     0     0     0     0     0     0     0     0]
# (S)PhG47
[1 1 1 2 2 2 0 0 0 0 0 0 0 0 0 0 0 0 0 0 0 0 0 0]
[  103   213   302   406   509 10210 10305 10403 10506 20315 20409 20508
 30408 30511 40505     0     0     0     0     0     0     0     0     0]
# (S)PhG48
[1 1 2 2 2 2 0 0 0 0 0 0 0 0 0 0 0 0 0 0 0 0 0 0]
[  113   202   302   403   506 10215 10315 10412 10509 20302 20405 20508
 30405 30508 40505     0     0     0     0     0     0     0     0     0]
# (S)PhG49
[1 2 2 2 6 6 0 0 0 0 0 0 0 0 0 0 0 0 0 0 0 0 0 0]
[  108   208   305   402   509 10202 10305 10410 10503 20305 20410 20503
 30407 30506 40511     0     0     0     0     0     0     0     0     0]
# (S)PhG50
[1 1 2 2 6 6 0 0 0 0 0 0 0 0 0 0 0 0 0 0 0 0 0 0]
[  102   209   312   402   516 10209 10312 10402 10516 20305 20404 20509
 30407 30506 40511     0     0     0     0     0     0     0     0     0]
# (S)PhG51
[1 1 1 2 6 6 0 0 0 0 0 0 0 0 0 0 0 0 0 0 0 0 0 0]
[  102   213   309   402   516 10213 10309 10402 10516 20306 20408 20503
 30404 30509 40511     0     0     0     0     0     0     0     0     0]
# (S)PhG52
[1 1 1 2 2 6 0 0 0 0 0 0 0 0 0 0 0 0 0 0 0 0 0 0]
[  102   210   306   406   502 10210 10306 10406 10502 20306 20406 20506
 30402 30502 40502     0     0     0     0     0     0     0     0     0]
# (S)PhG53
[1 1 1 1 2 4 0 0 0 0 0 0 0 0 0 0 0 0 0 0 0 0 0 0]
[  116   216   306   409   500 10202 10310 10409 10516 20310 20409 20516
 30403 30506 40509     0     0     0     0     0     0     0     0     0]
# (S)PhG54
[1 2 2 2 6 6 0 0 0 0 0 0 0 0 0 0 0 0 0 0 0 0 0 0]
[  115   215   312   402   516 10202 10305 10410 10503 20305 20410 20503
 30407 30506 40511     0     0     0     0     0     0     0     0     0]
# (S)PhG55
[1 1 1 1 2 4 0 0 0 0 0 0 0 0 0 0 0 0 0 0 0 0 0 0]
[  107   207   303   402   509 10202 10310 10409 10516 20310 20409 20516
 30403 30506 40509     0     0     0     0     0     0     0     0     0]
# (S)PhG56
[1 1 1 1 2 4 0 0 0 0 0 0 0 0 0 0 0 0 0 0 0 0 0 0]
[  102   207   310   409   500 10207 10310 10409 10500 20303 20402 20505
 30403 30508 40507     0     0     0     0     0     0     0     0     0]
# (S)PhG57
[1 1 1 2 2 4 0 0 0 0 0 0 0 0 0 0 0 0 0 0 0 0 0 0]
[  102   213   315   408   500 10213 10315 10408 10500 20302 20409 20511
 30411 30513 40506     0     0     0     0     0     0     0     0     0]
# (S)PhG58
[1 2 2 2 6 6 0 0 0 0 0 0 0 0 0 0 0 0 0 0 0 0 0 0]
[  115   215   309   402   516 10202 10308 10410 10503 20308 20410 20503
 30404 30509 40511     0     0     0     0     0     0     0     0     0]
# (S)PhG59
[1 1 1 1 2 6 0 0 0 0 0 0 0 0 0 0 0 0 0 0 0 0 0 0]
[  102   210   307   415   516 10210 10307 10415 10516 20303 20405 20506
 30408 30509 40503     0     0     0     0     0     0     0     0     0]
# (S)PhG60
[1 1 1 2 2 4 0 0 0 0 0 0 0 0 0 0 0 0 0 0 0 0 0 0]
[  109   216   309   406   500 10207 10302 10405 10509 20309 20412 20516
 30405 30509 40506     0     0     0     0     0     0     0     0     0]
# (S)PhG61
[1 1 2 2 2 6 0 0 0 0 0 0 0 0 0 0 0 0 0 0 0 0 0 0]
[  103   205   305   402   506 10208 10308 10405 10509 20302 20405 20503
 30405 30503 40506     0     0     0     0     0     0     0     0     0]
# (S)PhG62
[1 2 2 2 6 6 0 0 0 0 0 0 0 0 0 0 0 0 0 0 0 0 0 0]
[  102   203   306   403   508 10205 10308 10403 10510 20305 20406 20507
 30409 30504 40511     0     0     0     0     0     0     0     0     0]
# (S)PhG63
[1 1 2 2 6 6 0 0 0 0 0 0 0 0 0 0 0 0 0 0 0 0 0 0]
[  113   202   302   408   503 10215 10315 10402 10516 20302 20410 20503
 30410 30503 40511     0     0     0     0     0     0     0     0     0]
# (S)PhG64
[1 2 2 2 6 6 0 0 0 0 0 0 0 0 0 0 0 0 0 0 0 0 0 0]
[  102   203   305   406   505 10205 10305 10406 10507 20308 20409 20504
 30403 30510 40511     0     0     0     0     0     0     0     0     0]
# (S)PhG65
[1 1 1 1 2 6 0 0 0 0 0 0 0 0 0 0 0 0 0 0 0 0 0 0]
[  102   207   313   415   502 10207 10313 10415 10502 20306 20408 20502
 30402 30508 40510     0     0     0     0     0     0     0     0     0]
# (S)PhG66
[1 1 2 2 2 4 0 0 0 0 0 0 0 0 0 0 0 0 0 0 0 0 0 0]
[  113   215   312   409   500 10202 10303 10406 10511 20305 20408 20513
 30405 30510 40507     0     0     0     0     0     0     0     0     0]
# (S)PhG67
[1 1 2 2 2 2 0 0 0 0 0 0 0 0 0 0 0 0 0 0 0 0 0 0]
[  113   202   303   406   509 10215 10312 10409 10508 20305 20408 20511
 30405 30508 40505     0     0     0     0     0     0     0     0     0]
# (S)PhG68
[1 2 2 2 2 4 0 0 0 0 0 0 0 0 0 0 0 0 0 0 0 0 0 0]
[  102   203   306   409   511 10205 10308 10411 10513 20305 20408 20510
 30405 30507 40506     0     0     0     0     0     0     0     0     0]
# (S)PhG69
[1 1 1 2 2 2 0 0 0 0 0 0 0 0 0 0 0 0 0 0 0 0 0 0]
[  107   207   302   408   508 10202 10309 10415 10515 20309 20415 20515
 30408 30508 40502     0     0     0     0     0     0     0     0     0]
# (S)PhG70
[1 1 1 2 2 6 0 0 0 0 0 0 0 0 0 0 0 0 0 0 0 0 0 0]
[  102   207   315   412   516 10207 10315 10412 10516 20308 20405 20509
 30405 30503 40506     0     0     0     0     0     0     0     0     0]
# (S)PhG71
[1 1 1 2 6 6 0 0 0 0 0 0 0 0 0 0 0 0 0 0 0 0 0 0]
[  106   213   302   408   503 10207 10308 10402 10509 20315 20402 20516
 30410 30503 40511     0     0     0     0     0     0     0     0     0]
# (S)PhG72
[1 1 1 2 2 6 0 0 0 0 0 0 0 0 0 0 0 0 0 0 0 0 0 0]
[  102   207   315   415   502 10207 10315 10415 10502 20308 20408 20502
 30402 30510 40510     0     0     0     0     0     0     0     0     0]
# (S)PhG73
[1 1 1 2 2 4 0 0 0 0 0 0 0 0 0 0 0 0 0 0 0 0 0 0]
[  102   207   309   415   500 10207 10309 10415 10500 20302 20408 20505
 30408 30507 40513     0     0     0     0     0     0     0     0     0]
# (S)PhG74
[1 1 1 2 2 4 0 0 0 0 0 0 0 0 0 0 0 0 0 0 0 0 0 0]
[  105   208   307   406   500 10203 10302 10403 10505 20303 20406 20508
 30405 30507 40506     0     0     0     0     0     0     0     0     0]
# (S)PhG75
[1 1 2 2 2 6 0 0 0 0 0 0 0 0 0 0 0 0 0 0 0 0 0 0]
[  113   202   303   406   503 10215 10312 10409 10516 20305 20408 20503
 30405 30506 40509     0     0     0     0     0     0     0     0     0]
# (S)PhG76
[1 1 1 2 2 6 0 0 0 0 0 0 0 0 0 0 0 0 0 0 0 0 0 0]
[  102   207   315   415   516 10207 10315 10415 10516 20308 20408 20509
 30402 30503 40503     0     0     0     0     0     0     0     0     0]
# (S)PhG77
[1 1 1 2 2 6 0 0 0 0 0 0 0 0 0 0 0 0 0 0 0 0 0 0]
[  106   207   302   408   502 10213 10306 10402 10508 20309 20415 20502
 30408 30504 40510     0     0     0     0     0     0     0     0     0]
# (S)PhG78
[1 1 1 2 2 6 0 0 0 0 0 0 0 0 0 0 0 0 0 0 0 0 0 0]
[  106   213   302   406   503 10207 10308 10402 10509 20315 20409 20516
 30408 30503 40509     0     0     0     0     0     0     0     0     0]
# (S)PhG79
[1 1 1 2 2 6 0 0 0 0 0 0 0 0 0 0 0 0 0 0 0 0 0 0]
[  106   213   302   403   508 10207 10308 10405 10502 20315 20412 20502
 30405 30510 40507     0     0     0     0     0     0     0     0     0]
# (S)PhG80
[1 1 1 2 2 6 0 0 0 0 0 0 0 0 0 0 0 0 0 0 0 0 0 0]
[  106   213   302   403   503 10207 10308 10405 10509 20315 20412 20516
 30405 30503 40506     0     0     0     0     0     0     0     0     0]
# (S)PhG81
[1 1 1 2 2 2 0 0 0 0 0 0 0 0 0 0 0 0 0 0 0 0 0 0]
[  103   205   302   405   503 10208 10303 10402 10506 20307 20410 20506
 30405 30505 40508     0     0     0     0     0     0     0     0     0]
# (S)PhG82
[1 1 1 2 2 4 0 0 0 0 0 0 0 0 0 0 0 0 0 0 0 0 0 0]
[  102   207   308   412   500 10207 10308 10412 10500 20303 20405 20505
 30408 30506 40510     0     0     0     0     0     0     0     0     0]
# (S)PhG83
[1 1 1 2 2 4 0 0 0 0 0 0 0 0 0 0 0 0 0 0 0 0 0 0]
[  108   205   307   410   500 10203 10303 10402 10508 20302 20405 20505
 30405 30507 40510     0     0     0     0     0     0     0     0     0]
# (S)PhG84
[1 1 1 2 2 4 0 0 0 0 0 0 0 0 0 0 0 0 0 0 0 0 0 0]
[  108   205   310   406   500 10203 10302 10406 10508 20305 20403 20505
 30408 30510 40506     0     0     0     0     0     0     0     0     0]
# (S)PhG85
[1 1 2 2 2 6 0 0 0 0 0 0 0 0 0 0 0 0 0 0 0 0 0 0]
[  103   202   305   405   505 10205 10308 10408 10502 20305 20405 20507
 30402 30510 40510     0     0     0     0     0     0     0     0     0]
# (S)PhG86
[1 1 1 2 2 6 0 0 0 0 0 0 0 0 0 0 0 0 0 0 0 0 0 0]
[  103   210   302   405   505 10207 10305 10408 10502 20312 20415 20502
 30405 30507 40510     0     0     0     0     0     0     0     0     0]
# (S)PhG87
[1 1 2 2 2 6 0 0 0 0 0 0 0 0 0 0 0 0 0 0 0 0 0 0]
[  103   203   302   405   506 10202 10305 10408 10509 20305 20408 20509
 30405 30506 40503     0     0     0     0     0     0     0     0     0]
# (S)PhG88
[1 1 1 2 2 2 0 0 0 0 0 0 0 0 0 0 0 0 0 0 0 0 0 0]
[  109   207   302   405   508 10216 10309 10406 10507 20309 20412 20515
 30405 30508 40505     0     0     0     0     0     0     0     0     0]
# (S)PhG89
[1 1 1 2 6 6 0 0 0 0 0 0 0 0 0 0 0 0 0 0 0 0 0 0]
[  102   213   312   402   516 10213 10312 10402 10516 20303 20408 20503
 30407 30506 40511     0     0     0     0     0     0     0     0     0]
# (S)PhG90
[1 1 2 2 2 6 0 0 0 0 0 0 0 0 0 0 0 0 0 0 0 0 0 0]
[  102   215   315   409   502 10215 10315 10409 10502 20302 20408 20510
 30408 30510 40504     0     0     0     0     0     0     0     0     0]
# (S)PhG91
[1 1 1 2 2 4 0 0 0 0 0 0 0 0 0 0 0 0 0 0 0 0 0 0]
[  102   213   315   409   500 10213 10315 10409 10500 20302 20406 20511
 30408 30513 40507     0     0     0     0     0     0     0     0     0]
# (S)PhG92
[1 2 2 2 2 6 0 0 0 0 0 0 0 0 0 0 0 0 0 0 0 0 0 0]
[  102   208   308   405   502 10208 10308 10405 10504 20302 20405 20510
 30405 30510 40507     0     0     0     0     0     0     0     0     0]
# (S)PhG93
[1 1 2 2 2 6 0 0 0 0 0 0 0 0 0 0 0 0 0 0 0 0 0 0]
[  107   208   308   402   509 10215 10315 10409 10516 20302 20408 20503
 30408 30503 40509     0     0     0     0     0     0     0     0     0]
# (S)PhG94
[1 1 1 1 2 2 0 0 0 0 0 0 0 0 0 0 0 0 0 0 0 0 0 0]
[  110   210   303   402   506 10202 10307 10412 10508 20307 20412 20508
 30405 30503 40508     0     0     0     0     0     0     0     0     0]
# (S)PhG95
[1 1 1 1 2 4 0 0 0 0 0 0 0 0 0 0 0 0 0 0 0 0 0 0]
[  110   210   303   402   506 10202 10307 10412 10516 20307 20412 20516
 30405 30509 40506     0     0     0     0     0     0     0     0     0]
# (S)PhG96
[1 1 2 2 2 6 0 0 0 0 0 0 0 0 0 0 0 0 0 0 0 0 0 0]
[  107   202   305   408   502 10209 10312 10415 10502 20305 20408 20504
 30405 30507 40510     0     0     0     0     0     0     0     0     0]
# (S)PhG97
[1 1 1 1 2 4 0 0 0 0 0 0 0 0 0 0 0 0 0 0 0 0 0 0]
[  102   210   307   412   500 10210 10307 10412 10500 20303 20402 20508
 30405 30505 40510     0     0     0     0     0     0     0     0     0]
# (S)PhG98
[1 1 1 2 2 6 0 0 0 0 0 0 0 0 0 0 0 0 0 0 0 0 0 0]
[  103   210   305   405   506 10207 10308 10408 10509 20315 20415 20516
 30402 30503 40503     0     0     0     0     0     0     0     0     0]
# (S)PhG99
[1 1 1 2 2 6 0 0 0 0 0 0 0 0 0 0 0 0 0 0 0 0 0 0]
[  113   213   302   402   508 10202 10315 10415 10502 20315 20415 20502
 30402 30510 40510     0     0     0     0     0     0     0     0     0]
# (S)PhG100
[1 1 1 2 2 6 0 0 0 0 0 0 0 0 0 0 0 0 0 0 0 0 0 0]
[  113   213   302   402   503 10202 10315 10415 10516 20315 20415 20516
 30402 30503 40503     0     0     0     0     0     0     0     0     0]
# (S)PhG101
[1 1 1 2 2 4 0 0 0 0 0 0 0 0 0 0 0 0 0 0 0 0 0 0]
[  102   213   309   408   500 10213 10309 10408 10500 20306 20409 20511
 30405 30507 40506     0     0     0     0     0     0     0     0     0]
# (S)PhG102
[1 1 1 2 2 4 0 0 0 0 0 0 0 0 0 0 0 0 0 0 0 0 0 0]
[  102   207   308   415   500 10207 10308 10415 10500 20303 20408 20505
 30411 30506 40513     0     0     0     0     0     0     0     0     0]
# (S)PhG103
[1 1 1 2 2 6 0 0 0 0 0 0 0 0 0 0 0 0 0 0 0 0 0 0]
[  107   203   308   408   502 10210 10315 10415 10502 20305 20405 20505
 30402 30510 40510     0     0     0     0     0     0     0     0     0]
# (S)PhG104
[1 1 1 1 2 2 0 0 0 0 0 0 0 0 0 0 0 0 0 0 0 0 0 0]
[  102   207   310   408   515 10207 10310 10408 10515 20303 20403 20508
 30406 30505 40511     0     0     0     0     0     0     0     0     0]
# (S)PhG105
[1 1 1 1 2 4 0 0 0 0 0 0 0 0 0 0 0 0 0 0 0 0 0 0]
[  102   207   310   415   500 10207 10310 10415 10500 20303 20408 20505
 30405 30508 40513     0     0     0     0     0     0     0     0     0]
# (S)PhG106
[1 1 2 2 2 4 0 0 0 0 0 0 0 0 0 0 0 0 0 0 0 0 0 0]
[  102   212   315   408   500 10212 10315 10408 10500 20305 20408 20510
 30411 30513 40506     0     0     0     0     0     0     0     0     0]
# (S)PhG107
[1 1 2 2 2 4 0 0 0 0 0 0 0 0 0 0 0 0 0 0 0 0 0 0]
[  105   207   306   410   500 10202 10303 10405 10505 20305 20405 20507
 30408 30506 40510     0     0     0     0     0     0     0     0     0]
# (S)PhG108
[1 1 2 2 2 4 0 0 0 0 0 0 0 0 0 0 0 0 0 0 0 0 0 0]
[  102   212   309   415   500 10212 10309 10415 10500 20305 20405 20510
 30408 30507 40513     0     0     0     0     0     0     0     0     0]
# (S)PhG109
[1 1 1 2 2 2 0 0 0 0 0 0 0 0 0 0 0 0 0 0 0 0 0 0]
[  113   213   302   402   506 10202 10315 10415 10509 20315 20415 20509
 30402 30508 40508     0     0     0     0     0     0     0     0     0]
# (S)PhG110
[1 1 1 1 1 4 0 0 0 0 0 0 0 0 0 0 0 0 0 0 0 0 0 0]
[  116   216   306   409   500 10202 10310 10407 10516 20310 20407 20516
 30403 30506 40509     0     0     0     0     0     0     0     0     0]
# (S)PhG111
[1 1 1 2 2 6 0 0 0 0 0 0 0 0 0 0 0 0 0 0 0 0 0 0]
[  102   210   306   410   502 10210 10306 10410 10502 20306 20402 20506
 30406 30502 40506     0     0     0     0     0     0     0     0     0]
# (S)PhG112
[1 1 1 1 2 2 0 0 0 0 0 0 0 0 0 0 0 0 0 0 0 0 0 0]
[  102   202   308   410   507 10202 10310 10412 10509 20310 20412 20509
 30402 30503 40505     0     0     0     0     0     0     0     0     0]
# (S)PhG113
[1 1 1 1 2 2 0 0 0 0 0 0 0 0 0 0 0 0 0 0 0 0 0 0]
[  102   202   308   410   506 10202 10310 10412 10508 20310 20412 20508
 30402 30506 40508     0     0     0     0     0     0     0     0     0]
# (S)PhG114
[1 1 1 1 2 4 0 0 0 0 0 0 0 0 0 0 0 0 0 0 0 0 0 0]
[  102   202   308   410   500 10202 10310 10412 10500 20310 20412 20500
 30402 30508 40510     0     0     0     0     0     0     0     0     0]
# (S)PhG115
[1 1 1 1 2 2 0 0 0 0 0 0 0 0 0 0 0 0 0 0 0 0 0 0]
[  102   213   316   412   509 10213 10316 10412 10509 20305 20403 20506
 30406 30509 40505     0     0     0     0     0     0     0     0     0]
# (S)PhG116
[1 1 1 1 2 2 0 0 0 0 0 0 0 0 0 0 0 0 0 0 0 0 0 0]
[  113   213   305   402   503 10202 10316 10415 10512 20316 20415 20512
 30407 30506 40505     0     0     0     0     0     0     0     0     0]
# (S)PhG117
[1 1 1 2 2 6 0 0 0 0 0 0 0 0 0 0 0 0 0 0 0 0 0 0]
[  102   213   312   409   516 10213 10312 10409 10516 20303 20406 20503
 30405 30506 40509     0     0     0     0     0     0     0     0     0]
# (S)PhG118
[1 1 1 2 2 6 0 0 0 0 0 0 0 0 0 0 0 0 0 0 0 0 0 0]
[  102   213   312   409   502 10213 10312 10409 10502 20303 20406 20508
 30405 30507 40504     0     0     0     0     0     0     0     0     0]
# (S)PhG119
[1 1 2 2 6 6 0 0 0 0 0 0 0 0 0 0 0 0 0 0 0 0 0 0]
[  102   215   312   402   516 10215 10312 10402 10516 20305 20410 20503
 30407 30506 40511     0     0     0     0     0     0     0     0     0]
# (S)PhG120
[1 1 1 2 2 2 0 0 0 0 0 0 0 0 0 0 0 0 0 0 0 0 0 0]
[  113   213   302   406   509 10202 10315 10409 10508 20315 20409 20508
 30408 30511 40505     0     0     0     0     0     0     0     0     0]
# (S)PhG121
[1 1 2 2 2 4 0 0 0 0 0 0 0 0 0 0 0 0 0 0 0 0 0 0]
[  102   209   308   412   500 10209 10308 10412 10500 20305 20405 20507
 30408 30506 40510     0     0     0     0     0     0     0     0     0]
# (S)PhG122
[1 1 2 2 6 6 0 0 0 0 0 0 0 0 0 0 0 0 0 0 0 0 0 0]
[  102   215   309   402   516 10215 10309 10402 10516 20308 20410 20503
 30404 30509 40511     0     0     0     0     0     0     0     0     0]
# (S)PhG123
[1 1 2 2 2 6 0 0 0 0 0 0 0 0 0 0 0 0 0 0 0 0 0 0]
[  113   202   303   406   508 10215 10312 10409 10502 20305 20408 20510
 30405 30507 40504     0     0     0     0     0     0     0     0     0]
# (S)PhG124
[1 1 2 2 2 4 0 0 0 0 0 0 0 0 0 0 0 0 0 0 0 0 0 0]
[  103   202   303   406   508 10203 10306 10409 10511 20305 20408 20510
 30405 30507 40506     0     0     0     0     0     0     0     0     0]
# (S)PhG125
[1 2 2 2 2 6 0 0 0 0 0 0 0 0 0 0 0 0 0 0 0 0 0 0]
[  102   202   303   406   508 10202 10305 10408 10510 20305 20408 20510
 30405 30507 40504     0     0     0     0     0     0     0     0     0]
# (S)PhG126
[1 1 2 2 2 2 0 0 0 0 0 0 0 0 0 0 0 0 0 0 0 0 0 0]
[  102   215   315   412   509 10215 10315 10412 10509 20302 20405 20508
 30405 30508 40505     0     0     0     0     0     0     0     0     0]
# (S)PhG127
[1 1 1 2 2 2 0 0 0 0 0 0 0 0 0 0 0 0 0 0 0 0 0 0]
[  103   210   302   406   505 10207 10305 10403 10508 20312 20408 20515
 30408 30505 40511     0     0     0     0     0     0     0     0     0]
# (S)PhG128
[1 1 2 2 2 6 0 0 0 0 0 0 0 0 0 0 0 0 0 0 0 0 0 0]
[  102   215   315   412   516 10215 10315 10412 10516 20302 20405 20503
 30405 30503 40506     0     0     0     0     0     0     0     0     0]
# (S)PhG129
[1 1 1 2 2 4 0 0 0 0 0 0 0 0 0 0 0 0 0 0 0 0 0 0]
[  110   207   312   415   500 10203 10302 10405 10508 20305 20408 20505
 30405 30510 40513     0     0     0     0     0     0     0     0     0]
# (S)PhG130
[1 1 2 2 2 6 0 0 0 0 0 0 0 0 0 0 0 0 0 0 0 0 0 0]
[  102   215   315   412   502 10215 10315 10412 10502 20302 20405 20510
 30405 30510 40507     0     0     0     0     0     0     0     0     0]
# (S)PhG131
[1 1 2 2 2 6 0 0 0 0 0 0 0 0 0 0 0 0 0 0 0 0 0 0]
[  102   215   315   409   516 10215 10315 10409 10516 20302 20408 20503
 30408 30503 40509     0     0     0     0     0     0     0     0     0]
# (S)PhG132
[1 1 2 2 6 6 0 0 0 0 0 0 0 0 0 0 0 0 0 0 0 0 0 0]
[  113   212   309   402   516 10203 10306 10408 10503 20305 20407 20506
 30404 30509 40511     0     0     0     0     0     0     0     0     0]
# (S)PhG133
[1 2 2 2 6 6 0 0 0 0 0 0 0 0 0 0 0 0 0 0 0 0 0 0]
[  102   208   305   402   509 10208 10305 10404 10509 20305 20410 20503
 30407 30506 40511     0     0     0     0     0     0     0     0     0]
# (S)PhG134
[1 2 2 2 6 6 0 0 0 0 0 0 0 0 0 0 0 0 0 0 0 0 0 0]
[  102   202   303   403   508 10202 10305 10403 10510 20305 20403 20510
 30406 30507 40511     0     0     0     0     0     0     0     0     0]
# (S)PhG135
[1 1 1 2 2 4 0 0 0 0 0 0 0 0 0 0 0 0 0 0 0 0 0 0]
[  110   213   309   408   500 10203 10303 10406 10508 20306 20409 20511
 30405 30507 40506     0     0     0     0     0     0     0     0     0]
# (S)PhG136
[1 1 1 2 2 2 0 0 0 0 0 0 0 0 0 0 0 0 0 0 0 0 0 0]
[  103   207   302   405   503 10210 10303 10402 10506 20309 20412 20508
 30405 30505 40508     0     0     0     0     0     0     0     0     0]
# (S)PhG137
[1 1 2 2 6 6 0 0 0 0 0 0 0 0 0 0 0 0 0 0 0 0 0 0]
[  102   215   315   402   516 10215 10315 10402 10516 20302 20410 20503
 30410 30503 40511     0     0     0     0     0     0     0     0     0]
# (S)PhG138
[1 1 2 2 2 6 0 0 0 0 0 0 0 0 0 0 0 0 0 0 0 0 0 0]
[  102   206   306   410   502 10206 10306 10410 10502 20302 20406 20502
 30406 30502 40506     0     0     0     0     0     0     0     0     0]
# (S)PhG139
[1 1 2 2 2 2 0 0 0 0 0 0 0 0 0 0 0 0 0 0 0 0 0 0]
[  102   209   312   408   515 10209 10312 10408 10515 20305 20405 20508
 30408 30505 40511     0     0     0     0     0     0     0     0     0]
# (S)PhG140
[1 1 1 1 2 2 0 0 0 0 0 0 0 0 0 0 0 0 0 0 0 0 0 0]
[  107   207   303   402   503 10202 10310 10409 10508 20310 20409 20508
 30403 30506 40505     0     0     0     0     0     0     0     0     0]
# (S)PhG141
[1 1 2 2 2 6 0 0 0 0 0 0 0 0 0 0 0 0 0 0 0 0 0 0]
[  102   215   312   409   516 10215 10312 10409 10516 20305 20408 20503
 30405 30506 40509     0     0     0     0     0     0     0     0     0]
# (S)PhG142
[1 1 2 2 6 6 0 0 0 0 0 0 0 0 0 0 0 0 0 0 0 0 0 0]
[  113   202   306   408   503 10215 10309 10402 10516 20308 20410 20503
 30404 30509 40511     0     0     0     0     0     0     0     0     0]
# (S)PhG143
[1 2 2 2 6 6 0 0 0 0 0 0 0 0 0 0 0 0 0 0 0 0 0 0]
[  108   208   302   402   509 10202 10308 10410 10503 20308 20410 20503
 30404 30509 40511     0     0     0     0     0     0     0     0     0]
# (S)PhG144
[1 2 2 2 6 6 0 0 0 0 0 0 0 0 0 0 0 0 0 0 0 0 0 0]
[  102   202   306   403   508 10202 10308 10403 10510 20308 20403 20510
 30409 30504 40511     0     0     0     0     0     0     0     0     0]
# (S)PhG145
[1 1 2 2 2 6 0 0 0 0 0 0 0 0 0 0 0 0 0 0 0 0 0 0]
[  102   209   312   415   502 10209 10312 10415 10502 20305 20408 20504
 30405 30507 40510     0     0     0     0     0     0     0     0     0]
# (S)PhG146
[1 1 2 2 6 6 0 0 0 0 0 0 0 0 0 0 0 0 0 0 0 0 0 0]
[  113   202   303   408   503 10215 10312 10402 10516 20305 20410 20503
 30407 30506 40511     0     0     0     0     0     0     0     0     0]
# (S)PhG147
[1 1 2 2 2 4 0 0 0 0 0 0 0 0 0 0 0 0 0 0 0 0 0 0]
[  113   215   312   408   500 10202 10303 10409 10511 20305 20411 20513
 30408 30510 40506     0     0     0     0     0     0     0     0     0]
# (S)PhG148
[1 1 2 2 2 6 0 0 0 0 0 0 0 0 0 0 0 0 0 0 0 0 0 0]
[  110   206   306   402   506 10206 10306 10410 10502 20302 20406 20502
 30406 30502 40506     0     0     0     0     0     0     0     0     0]
# (S)PhG149
[1 1 1 2 2 4 0 0 0 0 0 0 0 0 0 0 0 0 0 0 0 0 0 0]
[  105   208   306   413   500 10203 10303 10408 10505 20306 20405 20508
 30411 30506 40513     0     0     0     0     0     0     0     0     0]
# (S)PhG150
[1 1 1 2 2 4 0 0 0 0 0 0 0 0 0 0 0 0 0 0 0 0 0 0]
[  102   213   312   408   500 10213 10312 10408 10500 20303 20409 20511
 30408 30510 40506     0     0     0     0     0     0     0     0     0]
# (S)PhG151
[1 1 1 2 2 4 0 0 0 0 0 0 0 0 0 0 0 0 0 0 0 0 0 0]
[  107   210   308   415   500 10203 10303 10408 10505 20306 20405 20508
 30411 30506 40513     0     0     0     0     0     0     0     0     0]
# (S)PhG152
[1 1 1 2 2 2 0 0 0 0 0 0 0 0 0 0 0 0 0 0 0 0 0 0]
[  106   205   306   402   503 10209 10302 10408 10505 20309 20407 20506
 30408 30505 40505     0     0     0     0     0     0     0     0     0]
# (S)PhG153
[1 1 1 1 2 2 0 0 0 0 0 0 0 0 0 0 0 0 0 0 0 0 0 0]
[  103   203   306   402   503 10206 10309 10405 10502 20305 20403 20506
 30406 30509 40505     0     0     0     0     0     0     0     0     0]
# (S)PhG154
[1 1 1 2 2 4 0 0 0 0 0 0 0 0 0 0 0 0 0 0 0 0 0 0]
[  106   216   306   409   500 10210 10302 10403 10506 20312 20409 20516
 30405 30506 40509     0     0     0     0     0     0     0     0     0]
# (S)PhG155
[1 1 1 2 2 6 0 0 0 0 0 0 0 0 0 0 0 0 0 0 0 0 0 0]
[  106   206   302   402   502 10202 10306 10406 10502 20306 20406 20502
 30402 30502 40502     0     0     0     0     0     0     0     0     0]
# (S)PhG156
[1 1 1 2 2 4 0 0 0 0 0 0 0 0 0 0 0 0 0 0 0 0 0 0]
[  110   207   312   408   500 10203 10302 10406 10508 20305 20403 20505
 30408 30510 40506     0     0     0     0     0     0     0     0     0]
# (S)PhG157
[1 1 1 1 2 4 0 0 0 0 0 0 0 0 0 0 0 0 0 0 0 0 0 0]
[  102   207   310   408   500 10207 10310 10408 10500 20303 20403 20505
 30406 30508 40506     0     0     0     0     0     0     0     0     0]
# (S)PhG158
[1 1 1 2 2 6 0 0 0 0 0 0 0 0 0 0 0 0 0 0 0 0 0 0]
[  107   207   302   405   502 10202 10309 10412 10502 20309 20412 20502
 30405 30504 40507     0     0     0     0     0     0     0     0     0]
# (S)PhG159
[1 1 1 2 6 6 0 0 0 0 0 0 0 0 0 0 0 0 0 0 0 0 0 0]
[  107   203   308   402   509 10210 10315 10402 10516 20305 20405 20506
 30410 30503 40511     0     0     0     0     0     0     0     0     0]
# (S)PhG160
[1 1 2 2 2 6 0 0 0 0 0 0 0 0 0 0 0 0 0 0 0 0 0 0]
[  106   202   302   403   508 10208 10308 10405 10502 20302 20405 20510
 30405 30510 40507     0     0     0     0     0     0     0     0     0]
# (S)PhG161
[1 1 2 2 2 6 0 0 0 0 0 0 0 0 0 0 0 0 0 0 0 0 0 0]
[  106   202   302   403   503 10208 10308 10405 10509 20302 20405 20503
 30405 30503 40506     0     0     0     0     0     0     0     0     0]
# (S)PhG162
[1 1 2 2 2 2 0 0 0 0 0 0 0 0 0 0 0 0 0 0 0 0 0 0]
[  106   202   302   406   503 10208 10308 10402 10505 20302 20408 20505
 30408 30505 40505     0     0     0     0     0     0     0     0     0]
# (S)PhG163
[1 1 2 2 2 6 0 0 0 0 0 0 0 0 0 0 0 0 0 0 0 0 0 0]
[  106   202   302   404   502 10206 10306 10410 10502 20302 20406 20502
 30406 30502 40506     0     0     0     0     0     0     0     0     0]
# (S)PhG164
[1 1 1 2 2 6 0 0 0 0 0 0 0 0 0 0 0 0 0 0 0 0 0 0]
[  103   207   302   405   502 10210 10303 10402 10505 20309 20412 20502
 30405 30504 40507     0     0     0     0     0     0     0     0     0]
# (S)PhG165
[1 1 2 2 2 4 0 0 0 0 0 0 0 0 0 0 0 0 0 0 0 0 0 0]
[  103   202   306   409   511 10205 10303 10406 10508 20308 20411 20513
 30405 30507 40506     0     0     0     0     0     0     0     0     0]
# (S)PhG166
[1 1 1 2 2 4 0 0 0 0 0 0 0 0 0 0 0 0 0 0 0 0 0 0]
[  102   213   312   409   500 10213 10312 10409 10500 20303 20406 20511
 30405 30510 40507     0     0     0     0     0     0     0     0     0]
# (S)PhG167
[1 1 1 2 6 6 0 0 0 0 0 0 0 0 0 0 0 0 0 0 0 0 0 0]
[  107   206   302   402   509 10213 10309 10402 10516 20306 20408 20503
 30404 30509 40511     0     0     0     0     0     0     0     0     0]
# (S)PhG168
[1 1 1 2 2 2 0 0 0 0 0 0 0 0 0 0 0 0 0 0 0 0 0 0]
[  102   213   312   409   508 10213 10312 10409 10508 20303 20406 20509
 30405 30508 40505     0     0     0     0     0     0     0     0     0]
# (S)PhG169
[1 1 1 1 1 1 0 0 0 0 0 0 0 0 0 0 0 0 0 0 0 0 0 0]
[  102   210   313   407   516 10210 10313 10407 10516 20303 20403 20506
 30406 30505 40509     0     0     0     0     0     0     0     0     0]
# (S)PhG170
[1 1 1 1 1 2 0 0 0 0 0 0 0 0 0 0 0 0 0 0 0 0 0 0]
[  103   203   306   410   502 10206 10305 10413 10503 20309 20407 20505
 30416 30506 40512     0     0     0     0     0     0     0     0     0]
# (S)PhG171
[1 1 1 1 1 2 0 0 0 0 0 0 0 0 0 0 0 0 0 0 0 0 0 0]
[  103   206   305   413   502 10203 10306 10410 10505 20309 20407 20508
 30416 30507 40515     0     0     0     0     0     0     0     0     0]
# (S)PhG172
[1 1 1 1 1 2 0 0 0 0 0 0 0 0 0 0 0 0 0 0 0 0 0 0]
[  103   206   309   407   502 10203 10306 10410 10503 20305 20413 20506
 30416 30509 40509     0     0     0     0     0     0     0     0     0]
# (S)PhG173
[1 1 1 2 6 6 0 0 0 0 0 0 0 0 0 0 0 0 0 0 0 0 0 0]
[  102   207   312   402   516 10207 10312 10402 10516 20305 20402 20509
 30407 30506 40511     0     0     0     0     0     0     0     0     0]
# (S)PhG174
[1 1 1 2 2 6 0 0 0 0 0 0 0 0 0 0 0 0 0 0 0 0 0 0]
[  103   210   303   402   506 10207 10302 10405 10509 20309 20412 20516
 30405 30509 40506     0     0     0     0     0     0     0     0     0]
# (S)PhG175
[1 1 1 2 2 4 0 0 0 0 0 0 0 0 0 0 0 0 0 0 0 0 0 0]
[  102   213   315   412   500 10213 10315 10412 10500 20302 20403 20511
 30405 30513 40510     0     0     0     0     0     0     0     0     0]
# (S)PhG176
[1 1 1 2 2 2 0 0 0 0 0 0 0 0 0 0 0 0 0 0 0 0 0 0]
[  113   213   302   403   509 10202 10315 10412 10508 20315 20412 20508
 30405 30511 40508     0     0     0     0     0     0     0     0     0]
# (S)PhG177
[1 1 1 2 2 2 0 0 0 0 0 0 0 0 0 0 0 0 0 0 0 0 0 0]
[  106   210   302   403   505 10216 10306 10409 10507 20312 20409 20515
 30405 30505 40508     0     0     0     0     0     0     0     0     0]
# (S)PhG178
[1 1 1 2 2 4 0 0 0 0 0 0 0 0 0 0 0 0 0 0 0 0 0 0]
[  107   210   309   415   500 10203 10302 10408 10505 20303 20405 20508
 30408 30507 40513     0     0     0     0     0     0     0     0     0]
# (S)PhG179
[1 1 1 2 2 4 0 0 0 0 0 0 0 0 0 0 0 0 0 0 0 0 0 0]
[  102   202   306   410   500 10202 10308 10412 10500 20308 20412 20500
 30408 30506 40510     0     0     0     0     0     0     0     0     0]
# (S)PhG180
[1 1 1 2 2 2 0 0 0 0 0 0 0 0 0 0 0 0 0 0 0 0 0 0]
[  103   207   302   403   508 10210 10303 10406 10505 20309 20408 20515
 30405 30508 40511     0     0     0     0     0     0     0     0     0]
# (S)PhG181
[1 1 1 2 2 2 0 0 0 0 0 0 0 0 0 0 0 0 0 0 0 0 0 0]
[  102   202   306   407   513 10202 10308 10409 10515 20308 20409 20515
 30405 30511 40508     0     0     0     0     0     0     0     0     0]
# (S)PhG182
[1 1 1 2 2 4 0 0 0 0 0 0 0 0 0 0 0 0 0 0 0 0 0 0]
[  105   211   310   406   500 10206 10305 10403 10505 20303 20409 20511
 30408 30510 40506     0     0     0     0     0     0     0     0     0]
# (S)PhG183
[1 1 1 2 2 4 0 0 0 0 0 0 0 0 0 0 0 0 0 0 0 0 0 0]
[  102   202   307   413   500 10202 10309 10415 10500 20309 20415 20500
 30408 30507 40513     0     0     0     0     0     0     0     0     0]
# (S)PhG184
[1 1 2 2 2 2 0 0 0 0 0 0 0 0 0 0 0 0 0 0 0 0 0 0]
[  106   202   308   405   503 10206 10302 10403 10509 20308 20405 20505
 30405 30511 40508     0     0     0     0     0     0     0     0     0]
# (S)PhG185
[1 1 2 2 2 4 0 0 0 0 0 0 0 0 0 0 0 0 0 0 0 0 0 0]
[  106   206   302   403   511 10202 10308 10405 10505 20308 20405 20507
 30405 30513 40510     0     0     0     0     0     0     0     0     0]
# (S)PhG186
[1 1 1 2 2 2 0 0 0 0 0 0 0 0 0 0 0 0 0 0 0 0 0 0]
[  103   211   302   406   509 10208 10305 10403 10506 20313 20407 20506
 30408 30511 40505     0     0     0     0     0     0     0     0     0]
# (S)PhG187
[1 1 1 2 2 2 0 0 0 0 0 0 0 0 0 0 0 0 0 0 0 0 0 0]
[  106   205   302   408   503 10211 10306 10402 10509 20307 20413 20506
 30408 30505 40511     0     0     0     0     0     0     0     0     0]
# (S)PhG188
[1 1 1 2 2 4 0 0 0 0 0 0 0 0 0 0 0 0 0 0 0 0 0 0]
[  105   211   307   406   500 10206 10302 10403 10505 20306 20409 20511
 30405 30507 40506     0     0     0     0     0     0     0     0     0]
# (S)PhG189
[1 1 1 2 2 4 0 0 0 0 0 0 0 0 0 0 0 0 0 0 0 0 0 0]
[  102   202   306   413   500 10202 10308 10415 10500 20308 20415 20500
 30411 30506 40513     0     0     0     0     0     0     0     0     0]
# (S)PhG190
[1 1 2 2 2 4 0 0 0 0 0 0 0 0 0 0 0 0 0 0 0 0 0 0]
[  106   202   303   409   511 10208 10305 10403 10505 20305 20411 20513
 30408 30510 40506     0     0     0     0     0     0     0     0     0]
# (S)PhG191
[1 1 1 1 2 2 0 0 0 0 0 0 0 0 0 0 0 0 0 0 0 0 0 0]
[  102   202   305   410   513 10202 10307 10412 10515 20307 20412 20515
 30405 30508 40505     0     0     0     0     0     0     0     0     0]
# (S)PhG192
[1 1 1 1 2 2 0 0 0 0 0 0 0 0 0 0 0 0 0 0 0 0 0 0]
[  102   202   305   407   510 10202 10307 10409 10512 20307 20409 20512
 30402 30505 40505     0     0     0     0     0     0     0     0     0]
# (S)PhG193
[1 1 1 2 2 4 0 0 0 0 0 0 0 0 0 0 0 0 0 0 0 0 0 0]
[  105   211   307   410   500 10206 10302 10405 10505 20306 20403 20511
 30405 30507 40510     0     0     0     0     0     0     0     0     0]
# (S)PhG194
[1 1 1 1 2 2 0 0 0 0 0 0 0 0 0 0 0 0 0 0 0 0 0 0]
[  102   202   305   406   510 10202 10307 10408 10512 20307 20408 20512
 30403 30505 40508     0     0     0     0     0     0     0     0     0]
# (S)PhG195
[1 1 1 1 2 4 0 0 0 0 0 0 0 0 0 0 0 0 0 0 0 0 0 0]
[  102   202   305   410   500 10202 10307 10412 10500 20307 20412 20500
 30405 30505 40510     0     0     0     0     0     0     0     0     0]
# (S)PhG196
[1 1 1 2 2 4 0 0 0 0 0 0 0 0 0 0 0 0 0 0 0 0 0 0]
[  102   210   309   408   500 10210 10309 10408 10500 20303 20406 20508
 30405 30507 40506     0     0     0     0     0     0     0     0     0]
# (S)PhG197
[1 1 1 2 2 4 0 0 0 0 0 0 0 0 0 0 0 0 0 0 0 0 0 0]
[  111   205   313   406   500 10206 10302 10409 10511 20308 20403 20505
 30411 30513 40506     0     0     0     0     0     0     0     0     0]
# (S)PhG198
[1 1 1 2 2 4 0 0 0 0 0 0 0 0 0 0 0 0 0 0 0 0 0 0]
[  107   213   309   408   500 10206 10302 10403 10505 20306 20409 20511
 30405 30507 40506     0     0     0     0     0     0     0     0     0]
# (S)PhG199
[1 1 1 2 2 2 0 0 0 0 0 0 0 0 0 0 0 0 0 0 0 0 0 0]
[  102   202   307   406   510 10202 10309 10408 10512 20309 20408 20512
 30405 30505 40508     0     0     0     0     0     0     0     0     0]
# (S)PhG200
[1 1 1 2 2 4 0 0 0 0 0 0 0 0 0 0 0 0 0 0 0 0 0 0]
[  111   208   313   407   500 10203 10302 10406 10511 20305 20403 20508
 30408 30513 40507     0     0     0     0     0     0     0     0     0]
# (S)PhG201
[1 1 1 2 2 4 0 0 0 0 0 0 0 0 0 0 0 0 0 0 0 0 0 0]
[  105   211   307   413   500 10206 10302 10408 10505 20306 20402 20511
 30408 30507 40513     0     0     0     0     0     0     0     0     0]
# (S)PhG202
[1 1 2 2 2 4 0 0 0 0 0 0 0 0 0 0 0 0 0 0 0 0 0 0]
[  108   207   306   413   500 10203 10306 10405 10508 20305 20408 20507
 30411 30506 40513     0     0     0     0     0     0     0     0     0]
# (S)PhG203
[1 1 1 2 2 4 0 0 0 0 0 0 0 0 0 0 0 0 0 0 0 0 0 0]
[  102   202   307   410   500 10202 10309 10412 10500 20309 20412 20500
 30405 30507 40510     0     0     0     0     0     0     0     0     0]
# (S)PhG204
[1 1 1 2 2 6 0 0 0 0 0 0 0 0 0 0 0 0 0 0 0 0 0 0]
[  106   206   302   404   502 10202 10306 10410 10502 20306 20410 20502
 30406 30502 40506     0     0     0     0     0     0     0     0     0]
# (S)PhG205
[1 1 2 2 2 4 0 0 0 0 0 0 0 0 0 0 0 0 0 0 0 0 0 0]
[  105   207   310   413   500 10202 10305 10408 10505 20305 20408 20507
 30405 30510 40513     0     0     0     0     0     0     0     0     0]
# (S)PhG206
[1 1 2 2 2 4 0 0 0 0 0 0 0 0 0 0 0 0 0 0 0 0 0 0]
[  105   206   310   413   500 10203 10305 10408 10505 20308 20411 20506
 30405 30510 40513     0     0     0     0     0     0     0     0     0]
# (S)PhG207
[1 1 1 2 6 6 0 0 0 0 0 0 0 0 0 0 0 0 0 0 0 0 0 0]
[  103   210   302   405   506 10207 10305 10402 10509 20312 20402 20516
 30407 30506 40511     0     0     0     0     0     0     0     0     0]
# (S)PhG208
[1 1 1 2 2 4 0 0 0 0 0 0 0 0 0 0 0 0 0 0 0 0 0 0]
[  105   208   307   413   500 10203 10302 10408 10505 20303 20405 20508
 30408 30507 40513     0     0     0     0     0     0     0     0     0]
# (S)PhG209
[1 1 1 2 2 2 0 0 0 0 0 0 0 0 0 0 0 0 0 0 0 0 0 0]
[  106   213   302   402   503 10207 10308 10408 10505 20315 20415 20512
 30402 30505 40505     0     0     0     0     0     0     0     0     0]
# (S)PhG210
[1 1 1 1 2 2 0 0 0 0 0 0 0 0 0 0 0 0 0 0 0 0 0 0]
[  102   210   316   409   515 10210 10316 10409 10515 20306 20403 20505
 30409 30507 40508     0     0     0     0     0     0     0     0     0]
# (S)PhG211
[1 1 1 1 2 4 0 0 0 0 0 0 0 0 0 0 0 0 0 0 0 0 0 0]
[  116   216   309   406   500 10202 10307 10412 10516 20307 20412 20516
 30405 30509 40506     0     0     0     0     0     0     0     0     0]
# (S)PhG212
[1 1 1 2 2 6 0 0 0 0 0 0 0 0 0 0 0 0 0 0 0 0 0 0]
[  107   206   302   405   502 10213 10309 10412 10502 20306 20403 20508
 30405 30504 40507     0     0     0     0     0     0     0     0     0]
# (S)PhG213
[1 1 2 2 2 2 0 0 0 0 0 0 0 0 0 0 0 0 0 0 0 0 0 0]
[  103   203   302   405   505 10202 10305 10408 10508 20305 20408 20508
 30405 30505 40502     0     0     0     0     0     0     0     0     0]
# (S)PhG214
[1 1 2 2 6 6 0 0 0 0 0 0 0 0 0 0 0 0 0 0 0 0 0 0]
[  106   208   302   402   509 10202 10306 10408 10503 20308 20410 20503
 30404 30509 40511     0     0     0     0     0     0     0     0     0]
# (S)PhG215
[1 1 1 1 2 2 0 0 0 0 0 0 0 0 0 0 0 0 0 0 0 0 0 0]
[  106   203   305   406   502 10203 10309 10402 10508 20306 20403 20505
 30409 30507 40508     0     0     0     0     0     0     0     0     0]
# (S)PhG216
[1 1 1 1 2 2 0 0 0 0 0 0 0 0 0 0 0 0 0 0 0 0 0 0]
[  110   210   306   402   503 10202 10316 10412 10509 20316 20412 20509
 30406 30509 40505     0     0     0     0     0     0     0     0     0]
# (S)PhG217
[1 1 1 1 2 2 0 0 0 0 0 0 0 0 0 0 0 0 0 0 0 0 0 0]
[  110   210   306   402   505 10202 10316 10412 10515 20316 20412 20515
 30406 30507 40505     0     0     0     0     0     0     0     0     0]
# (S)PhG218
[1 1 1 1 6 6 0 0 0 0 0 0 0 0 0 0 0 0 0 0 0 0 0 0]
[  102   207   313   402   516 10207 10313 10402 10516 20306 20402 20509
 30408 30503 40511     0     0     0     0     0     0     0     0     0]
# (S)PhG219
[1 1 1 2 2 6 0 0 0 0 0 0 0 0 0 0 0 0 0 0 0 0 0 0]
[  106   213   302   402   508 10207 10308 10408 10502 20315 20415 20502
 30402 30510 40510     0     0     0     0     0     0     0     0     0]
# (S)PhG220
[1 1 1 2 2 6 0 0 0 0 0 0 0 0 0 0 0 0 0 0 0 0 0 0]
[  106   213   302   402   503 10207 10308 10408 10509 20315 20415 20516
 30402 30503 40503     0     0     0     0     0     0     0     0     0]
# (S)PhG221
[1 1 1 2 2 2 0 0 0 0 0 0 0 0 0 0 0 0 0 0 0 0 0 0]
[  106   213   302   402   506 10207 10308 10408 10502 20315 20415 20509
 30402 30508 40508     0     0     0     0     0     0     0     0     0]
# (S)PhG222
[1 1 1 1 2 2 0 0 0 0 0 0 0 0 0 0 0 0 0 0 0 0 0 0]
[  102   202   308   413   506 10202 10310 10415 10508 20310 20415 20508
 30405 30506 40511     0     0     0     0     0     0     0     0     0]
# (S)PhG223
[1 1 1 2 2 6 0 0 0 0 0 0 0 0 0 0 0 0 0 0 0 0 0 0]
[  106   207   302   405   509 10213 10306 10403 10503 20309 20412 20516
 30405 30509 40506     0     0     0     0     0     0     0     0     0]
# (S)PhG224
[1 1 2 2 2 6 0 0 0 0 0 0 0 0 0 0 0 0 0 0 0 0 0 0]
[  103   208   308   402   509 10205 10305 10403 10506 20302 20408 20503
 30408 30503 40509     0     0     0     0     0     0     0     0     0]
# (S)PhG225
[1 1 1 2 2 6 0 0 0 0 0 0 0 0 0 0 0 0 0 0 0 0 0 0]
[  102   207   312   415   502 10207 10312 10415 10502 20305 20408 20502
 30405 30507 40510     0     0     0     0     0     0     0     0     0]
# (S)PhG226
[1 1 2 2 2 6 0 0 0 0 0 0 0 0 0 0 0 0 0 0 0 0 0 0]
[  103   202   308   408   502 10203 10305 10405 10505 20308 20408 20504
 30402 30510 40510     0     0     0     0     0     0     0     0     0]
# (S)PhG227
[1 1 1 1 2 6 0 0 0 0 0 0 0 0 0 0 0 0 0 0 0 0 0 0]
[  107   207   306   402   502 10202 10313 10409 10502 20313 20409 20502
 30406 30508 40504     0     0     0     0     0     0     0     0     0]
# (S)PhG228
[1 1 1 1 2 6 0 0 0 0 0 0 0 0 0 0 0 0 0 0 0 0 0 0]
[  107   207   306   402   509 10202 10313 10409 10516 20313 20409 20516
 30406 30503 40509     0     0     0     0     0     0     0     0     0]
# (S)PhG229
[1 1 2 2 2 4 0 0 0 0 0 0 0 0 0 0 0 0 0 0 0 0 0 0]
[  103   203   302   409   511 10202 10305 10406 10508 20305 20408 20510
 30411 30513 40506     0     0     0     0     0     0     0     0     0]
# (S)PhG230
[1 1 2 2 6 6 0 0 0 0 0 0 0 0 0 0 0 0 0 0 0 0 0 0]
[  103   208   308   402   509 10205 10305 10405 10506 20302 20410 20503
 30410 30503 40511     0     0     0     0     0     0     0     0     0]
# (S)PhG231
[1 1 1 2 2 4 0 0 0 0 0 0 0 0 0 0 0 0 0 0 0 0 0 0]
[  110   207   309   412   500 10203 10303 10402 10508 20302 20405 20505
 30405 30507 40510     0     0     0     0     0     0     0     0     0]
# (S)PhG232
[1 1 1 2 2 4 0 0 0 0 0 0 0 0 0 0 0 0 0 0 0 0 0 0]
[  103   210   303   402   506 10207 10302 10405 10509 20309 20412 20516
 30405 30509 40506     0     0     0     0     0     0     0     0     0]
# (S)PhG233
[1 1 1 1 2 6 0 0 0 0 0 0 0 0 0 0 0 0 0 0 0 0 0 0]
[  102   207   313   412   502 10207 10313 10412 10502 20306 20405 20502
 30403 30508 40507     0     0     0     0     0     0     0     0     0]
# (S)PhG234
[1 1 1 1 2 6 0 0 0 0 0 0 0 0 0 0 0 0 0 0 0 0 0 0]
[  102   213   307   412   516 10213 10307 10412 10516 20306 20403 20503
 30405 30509 40506     0     0     0     0     0     0     0     0     0]
# (S)PhG235
[1 1 1 2 2 2 0 0 0 0 0 0 0 0 0 0 0 0 0 0 0 0 0 0]
[  103   205   302   403   508 10208 10303 10406 10505 20307 20406 20513
 30405 30508 40511     0     0     0     0     0     0     0     0     0]
# (S)PhG236
[1 1 2 2 2 2 0 0 0 0 0 0 0 0 0 0 0 0 0 0 0 0 0 0]
[  105   202   303   405   508 10207 10306 10410 10513 20305 20405 20508
 30408 30511 40505     0     0     0     0     0     0     0     0     0]
# (S)PhG237
[1 1 1 2 2 4 0 0 0 0 0 0 0 0 0 0 0 0 0 0 0 0 0 0]
[  107   210   309   408   500 10203 10302 10403 10505 20303 20406 20508
 30405 30507 40506     0     0     0     0     0     0     0     0     0]
# (S)PhG238
[1 1 1 2 2 2 0 0 0 0 0 0 0 0 0 0 0 0 0 0 0 0 0 0]
[  106   206   302   402   504 10202 10306 10406 10510 20306 20406 20510
 30402 30506 40506     0     0     0     0     0     0     0     0     0]
# (S)PhG239
[1 1 2 2 2 4 0 0 0 0 0 0 0 0 0 0 0 0 0 0 0 0 0 0]
[  111   213   306   407   500 10202 10309 10406 10511 20311 20408 20513
 30405 30506 40507     0     0     0     0     0     0     0     0     0]
# (S)PhG240
[1 1 1 2 2 6 0 0 0 0 0 0 0 0 0 0 0 0 0 0 0 0 0 0]
[  107   207   302   405   509 10202 10309 10412 10516 20309 20412 20516
 30405 30509 40506     0     0     0     0     0     0     0     0     0]
# (S)PhG241
[1 1 1 2 6 6 0 0 0 0 0 0 0 0 0 0 0 0 0 0 0 0 0 0]
[  107   206   305   402   509 10213 10312 10402 10516 20303 20408 20503
 30407 30506 40511     0     0     0     0     0     0     0     0     0]
# (S)PhG242
[1 1 1 2 6 6 0 0 0 0 0 0 0 0 0 0 0 0 0 0 0 0 0 0]
[  102   207   315   402   516 10207 10315 10402 10516 20308 20402 20509
 30410 30503 40511     0     0     0     0     0     0     0     0     0]
# (S)PhG243
[1 1 1 1 2 2 0 0 0 0 0 0 0 0 0 0 0 0 0 0 0 0 0 0]
[  107   207   309   402   508 10202 10316 10409 10515 20316 20409 20515
 30409 30507 40508     0     0     0     0     0     0     0     0     0]
# (S)PhG244
[1 1 1 2 2 6 0 0 0 0 0 0 0 0 0 0 0 0 0 0 0 0 0 0]
[  107   207   302   408   502 10202 10309 10415 10502 20309 20415 20502
 30408 30504 40510     0     0     0     0     0     0     0     0     0]
# (S)PhG245
[1 1 1 2 6 6 0 0 0 0 0 0 0 0 0 0 0 0 0 0 0 0 0 0]
[  107   203   302   402   509 10210 10309 10402 10516 20303 20405 20506
 30404 30509 40511     0     0     0     0     0     0     0     0     0]
# (S)PhG246
[1 1 1 2 2 6 0 0 0 0 0 0 0 0 0 0 0 0 0 0 0 0 0 0]
[  107   207   302   408   509 10202 10309 10415 10516 20309 20415 20516
 30408 30509 40503     0     0     0     0     0     0     0     0     0]
# (S)PhG247
[1 1 1 2 6 6 0 0 0 0 0 0 0 0 0 0 0 0 0 0 0 0 0 0]
[  107   207   302   402   509 10202 10309 10402 10516 20309 20402 20516
 30404 30509 40511     0     0     0     0     0     0     0     0     0]
# (S)PhG248
[1 1 2 2 2 6 0 0 0 0 0 0 0 0 0 0 0 0 0 0 0 0 0 0]
[  107   208   308   405   502 10215 10315 10412 10502 20302 20405 20510
 30405 30510 40507     0     0     0     0     0     0     0     0     0]
# (S)PhG249
[1 1 2 2 6 6 0 0 0 0 0 0 0 0 0 0 0 0 0 0 0 0 0 0]
[  106   202   303   408   503 10208 10305 10402 10509 20305 20410 20503
 30407 30506 40511     0     0     0     0     0     0     0     0     0]
# (S)PhG250
[1 1 2 2 2 6 0 0 0 0 0 0 0 0 0 0 0 0 0 0 0 0 0 0]
[  107   208   308   405   509 10215 10315 10412 10516 20302 20405 20503
 30405 30503 40506     0     0     0     0     0     0     0     0     0]
# (S)PhG251
[1 1 2 2 2 2 0 0 0 0 0 0 0 0 0 0 0 0 0 0 0 0 0 0]
[  103   203   302   406   505 10202 10305 10403 10508 20305 20405 20508
 30408 30505 40511     0     0     0     0     0     0     0     0     0]
# (S)PhG252
[1 1 1 2 2 6 0 0 0 0 0 0 0 0 0 0 0 0 0 0 0 0 0 0]
[  103   207   302   408   509 10210 10303 10405 10506 20309 20415 20516
 30408 30509 40503     0     0     0     0     0     0     0     0     0]
# (S)PhG253
[1 1 2 2 2 4 0 0 0 0 0 0 0 0 0 0 0 0 0 0 0 0 0 0]
[  103   203   302   405   508 10202 10305 10408 10505 20305 20408 20507
 30405 30510 40513     0     0     0     0     0     0     0     0     0]
# (S)PhG254
[1 1 2 2 2 4 0 0 0 0 0 0 0 0 0 0 0 0 0 0 0 0 0 0]
[  105   207   306   413   500 10202 10303 10408 10505 20305 20408 20507
 30411 30506 40513     0     0     0     0     0     0     0     0     0]
# (S)PhG255
[1 1 2 2 2 6 0 0 0 0 0 0 0 0 0 0 0 0 0 0 0 0 0 0]
[  106   202   308   405   502 10206 10302 10403 10508 20308 20405 20504
 30405 30510 40507     0     0     0     0     0     0     0     0     0]
# (S)PhG256
[1 1 2 2 2 4 0 0 0 0 0 0 0 0 0 0 0 0 0 0 0 0 0 0]
[  103   202   306   405   508 10205 10303 10408 10505 20308 20405 20510
 30411 30506 40513     0     0     0     0     0     0     0     0     0]
# (S)PhG257
[1 1 1 2 2 4 0 0 0 0 0 0 0 0 0 0 0 0 0 0 0 0 0 0]
[  110   213   312   408   500 10203 10302 10406 10508 20303 20409 20511
 30408 30510 40506     0     0     0     0     0     0     0     0     0]
# (S)PhG258
[1 1 2 2 2 6 0 0 0 0 0 0 0 0 0 0 0 0 0 0 0 0 0 0]
[  106   202   306   403   503 10208 10302 10405 10509 20308 20405 20503
 30405 30509 40506     0     0     0     0     0     0     0     0     0]
# (S)PhG259
[1 1 1 2 2 4 0 0 0 0 0 0 0 0 0 0 0 0 0 0 0 0 0 0]
[  106   209   309   406   500 10203 10303 10402 10506 20302 20405 20509
 30405 30509 40506     0     0     0     0     0     0     0     0     0]
# (S)PhG260
[1 1 2 2 6 6 0 0 0 0 0 0 0 0 0 0 0 0 0 0 0 0 0 0]
[  106   202   302   408   503 10208 10308 10402 10509 20302 20410 20503
 30410 30503 40511     0     0     0     0     0     0     0     0     0]
# (S)PhG261
[1 1 2 2 2 2 0 0 0 0 0 0 0 0 0 0 0 0 0 0 0 0 0 0]
[  107   202   308   408   505 10209 10315 10415 10512 20308 20408 20505
 30402 30505 40505     0     0     0     0     0     0     0     0     0]
# (S)PhG262
[1 1 1 2 2 6 0 0 0 0 0 0 0 0 0 0 0 0 0 0 0 0 0 0]
[  107   203   302   408   502 10210 10309 10415 10502 20303 20405 20505
 30408 30504 40510     0     0     0     0     0     0     0     0     0]
# (S)PhG263
[1 1 2 2 2 6 0 0 0 0 0 0 0 0 0 0 0 0 0 0 0 0 0 0]
[  106   202   302   406   508 10208 10308 10402 10502 20302 20408 20510
 30408 30510 40504     0     0     0     0     0     0     0     0     0]
# (S)PhG264
[1 1 2 2 2 6 0 0 0 0 0 0 0 0 0 0 0 0 0 0 0 0 0 0]
[  106   202   302   406   503 10208 10308 10402 10509 20302 20408 20503
 30408 30503 40509     0     0     0     0     0     0     0     0     0]
# (S)PhG265
[1 1 1 1 2 2 0 0 0 0 0 0 0 0 0 0 0 0 0 0 0 0 0 0]
[  102   202   308   407   513 10202 10310 10409 10515 20310 20409 20515
 30403 30505 40508     0     0     0     0     0     0     0     0     0]
# (S)PhG266
[1 1 1 1 2 2 0 0 0 0 0 0 0 0 0 0 0 0 0 0 0 0 0 0]
[  103   206   310   402   503 10205 10313 10403 10506 20316 20406 20509
 30412 30509 40505     0     0     0     0     0     0     0     0     0]
# (S)PhG267
[1 1 1 1 2 4 0 0 0 0 0 0 0 0 0 0 0 0 0 0 0 0 0 0]
[  102   202   308   413   500 10202 10310 10415 10500 20310 20415 20500
 30405 30508 40513     0     0     0     0     0     0     0     0     0]
# (S)PhG268
[1 1 1 2 2 4 0 0 0 0 0 0 0 0 0 0 0 0 0 0 0 0 0 0]
[  110   213   312   409   500 10203 10302 10403 10508 20303 20406 20511
 30405 30510 40507     0     0     0     0     0     0     0     0     0]
# (S)PhG269
[1 1 1 2 2 6 0 0 0 0 0 0 0 0 0 0 0 0 0 0 0 0 0 0]
[  113   203   302   402   508 10210 10315 10415 10502 20305 20405 20505
 30402 30510 40510     0     0     0     0     0     0     0     0     0]
# (S)PhG270
[1 1 2 2 2 6 0 0 0 0 0 0 0 0 0 0 0 0 0 0 0 0 0 0]
[  110   205   305   402   506 10215 10315 10412 10516 20302 20405 20503
 30405 30503 40506     0     0     0     0     0     0     0     0     0]
# (S)PhG271
[1 1 1 2 2 6 0 0 0 0 0 0 0 0 0 0 0 0 0 0 0 0 0 0]
[  103   213   303   402   508 10210 10302 10405 10505 20312 20415 20502
 30405 30507 40510     0     0     0     0     0     0     0     0     0]
# (S)PhG272
[1 1 1 2 2 6 0 0 0 0 0 0 0 0 0 0 0 0 0 0 0 0 0 0]
[  103   213   302   403   503 10210 10305 10402 10506 20315 20412 20516
 30405 30503 40506     0     0     0     0     0     0     0     0     0]
# (S)PhG273
[1 1 1 1 2 4 0 0 0 0 0 0 0 0 0 0 0 0 0 0 0 0 0 0]
[  102   205   308   407   500 10207 10310 10409 10500 20303 20402 20505
 30403 30508 40507     0     0     0     0     0     0     0     0     0]
# (S)PhG274
[1 1 1 2 2 2 0 0 0 0 0 0 0 0 0 0 0 0 0 0 0 0 0 0]
[  103   210   302   403   506 10213 10303 10406 10509 20312 20409 20508
 30405 30508 40505     0     0     0     0     0     0     0     0     0]
# (S)PhG275
[1 1 1 1 2 6 0 0 0 0 0 0 0 0 0 0 0 0 0 0 0 0 0 0]
[  103   206   307   402   509 10203 10310 10403 10506 20313 20406 20503
 30409 30516 40509     0     0     0     0     0     0     0     0     0]
# (S)PhG276
[1 1 1 1 2 6 0 0 0 0 0 0 0 0 0 0 0 0 0 0 0 0 0 0]
[  107   203   306   402   502 10210 10313 10409 10502 20303 20403 20505
 30406 30508 40504     0     0     0     0     0     0     0     0     0]
# (S)PhG277
[1 1 2 2 2 4 0 0 0 0 0 0 0 0 0 0 0 0 0 0 0 0 0 0]
[  111   213   310   406   500 10202 10303 10409 10511 20305 20411 20513
 30408 30510 40506     0     0     0     0     0     0     0     0     0]
# (S)PhG278
[1 1 1 1 2 6 0 0 0 0 0 0 0 0 0 0 0 0 0 0 0 0 0 0]
[  102   206   310   410   502 10206 10310 10410 10502 20304 20404 20502
 30402 30506 40506     0     0     0     0     0     0     0     0     0]
# (S)PhG279
[1 1 1 1 2 2 0 0 0 0 0 0 0 0 0 0 0 0 0 0 0 0 0 0]
[  104   206   306   404   502 10210 10310 10402 10506 20302 20410 20506
 30410 30506 40506     0     0     0     0     0     0     0     0     0]
# (S)PhG280
[1 1 1 1 2 6 0 0 0 0 0 0 0 0 0 0 0 0 0 0 0 0 0 0]
[  102   210   313   409   516 10210 10313 10409 10516 20303 20403 20506
 30406 30503 40509     0     0     0     0     0     0     0     0     0]
# (S)PhG281
[1 1 2 2 2 6 0 0 0 0 0 0 0 0 0 0 0 0 0 0 0 0 0 0]
[  103   202   302   406   503 10205 10305 10403 10506 20302 20408 20503
 30408 30503 40509     0     0     0     0     0     0     0     0     0]
# (S)PhG282
[1 1 1 1 1 2 0 0 0 0 0 0 0 0 0 0 0 0 0 0 0 0 0 0]
[  102   202   305   408   507 10202 10307 10410 10509 20307 20410 20509
 30403 30502 40503     0     0     0     0     0     0     0     0     0]
# (S)PhG283
[1 1 1 1 1 2 0 0 0 0 0 0 0 0 0 0 0 0 0 0 0 0 0 0]
[  102   202   308   405   510 10202 10310 10407 10512 20310 20407 20512
 30403 30502 40505     0     0     0     0     0     0     0     0     0]
# (S)PhG284
[1 2 2 2 2 6 0 0 0 0 0 0 0 0 0 0 0 0 0 0 0 0 0 0]
[  102   205   305   403   505 10205 10305 10405 10507 20302 20408 20510
 30408 30510 40504     0     0     0     0     0     0     0     0     0]
# (S)PhG285
[1 1 1 2 2 6 0 0 0 0 0 0 0 0 0 0 0 0 0 0 0 0 0 0]
[  110   210   302   403   506 10202 10312 10409 10516 20312 20409 20516
 30405 30506 40509     0     0     0     0     0     0     0     0     0]
# (S)PhG286
[1 2 2 2 2 6 0 0 0 0 0 0 0 0 0 0 0 0 0 0 0 0 0 0]
[  105   205   302   403   506 10202 10305 10408 10503 20305 20408 20503
 30405 30506 40509     0     0     0     0     0     0     0     0     0]
# (S)PhG287
[1 1 1 1 1 2 0 0 0 0 0 0 0 0 0 0 0 0 0 0 0 0 0 0]
[  102   202   305   408   513 10202 10307 10410 10515 20307 20410 20515
 30403 30508 40505     0     0     0     0     0     0     0     0     0]
# (S)PhG288
[1 1 2 2 2 4 0 0 0 0 0 0 0 0 0 0 0 0 0 0 0 0 0 0]
[  103   202   303   408   505 10203 10306 10405 10508 20305 20408 20507
 30411 30506 40513     0     0     0     0     0     0     0     0     0]
# (S)PhG289
[1 1 1 1 1 2 0 0 0 0 0 0 0 0 0 0 0 0 0 0 0 0 0 0]
[  102   202   305   408   506 10202 10307 10410 10508 20307 20410 20508
 30403 30503 40506     0     0     0     0     0     0     0     0     0]
# (S)PhG290
[1 1 1 2 2 6 0 0 0 0 0 0 0 0 0 0 0 0 0 0 0 0 0 0]
[  103   206   302   405   502 10203 10303 10402 10505 20306 20403 20508
 30405 30504 40507     0     0     0     0     0     0     0     0     0]
# (S)PhG291
[1 1 1 2 2 6 0 0 0 0 0 0 0 0 0 0 0 0 0 0 0 0 0 0]
[  102   210   312   409   502 10210 10312 10409 10502 20302 20403 20505
 30405 30507 40504     0     0     0     0     0     0     0     0     0]
# (S)PhG292
[1 1 2 2 6 6 0 0 0 0 0 0 0 0 0 0 0 0 0 0 0 0 0 0]
[  103   202   303   403   508 10205 10302 10406 10505 20305 20403 20510
 30406 30507 40511     0     0     0     0     0     0     0     0     0]
# (S)PhG293
[1 1 2 2 2 2 0 0 0 0 0 0 0 0 0 0 0 0 0 0 0 0 0 0]
[  103   202   305   403   506 10203 10302 10406 10509 20305 20405 20508
 30408 30511 40505     0     0     0     0     0     0     0     0     0]
# (S)PhG294
[1 1 1 2 2 6 0 0 0 0 0 0 0 0 0 0 0 0 0 0 0 0 0 0]
[  103   213   302   406   503 10210 10305 10403 10506 20315 20409 20516
 30408 30503 40509     0     0     0     0     0     0     0     0     0]
# (S)PhG295
[1 1 1 2 2 6 0 0 0 0 0 0 0 0 0 0 0 0 0 0 0 0 0 0]
[  113   203   302   406   508 10210 10315 10409 10502 20305 20403 20505
 30408 30510 40504     0     0     0     0     0     0     0     0     0]
# (S)PhG296
[1 1 2 2 2 4 0 0 0 0 0 0 0 0 0 0 0 0 0 0 0 0 0 0]
[  107   209   308   412   500 10202 10303 10405 10505 20305 20405 20507
 30408 30506 40510     0     0     0     0     0     0     0     0     0]
# (S)PhG297
[1 1 2 2 2 6 0 0 0 0 0 0 0 0 0 0 0 0 0 0 0 0 0 0]
[  110   202   305   405   505 10212 10315 10415 10502 20305 20405 20507
 30402 30510 40510     0     0     0     0     0     0     0     0     0]
# (S)PhG298
[1 1 2 2 2 4 0 0 0 0 0 0 0 0 0 0 0 0 0 0 0 0 0 0]
[  107   209   312   415   500 10202 10305 10408 10505 20305 20408 20507
 30405 30510 40513     0     0     0     0     0     0     0     0     0]
# (S)PhG299
[1 1 1 1 2 6 0 0 0 0 0 0 0 0 0 0 0 0 0 0 0 0 0 0]
[  103   203   310   402   506 10206 10313 10403 10503 20307 20405 20509
 30412 30516 40506     0     0     0     0     0     0     0     0     0]
