# (S)PhG0
[1 1 1 1 2 2 9 9 0 0 0 0 0 0 0 0 0 0 0 0 0 0 0 0]
[  701 10701 20601 20709 30502 30602 40601     0     0     0     0     0
     0     0     0     0     0     0     0     0     0     0     0     0]
# (S)PhG1
[1 1 1 2 2 2 9 9 0 0 0 0 0 0 0 0 0 0 0 0 0 0 0 0]
[  708 10601 10702 20502 20602 30601 40701     0     0     0     0     0
     0     0     0     0     0     0     0     0     0     0     0     0]
# (S)PhG2
[1 1 1 1 2 2 9 0 0 0 0 0 0 0 0 0 0 0 0 0 0 0 0 0]
[  107 10601 20303 20502 30602 40601     0     0     0     0     0     0
     0     0     0     0     0     0     0     0     0     0     0     0]
# (S)PhG3
[1 1 1 2 2 2 9 9 0 0 0 0 0 0 0 0 0 0 0 0 0 0 0 0]
[  207 10602 10701 20601 30601 40701 50704     0     0     0     0     0
     0     0     0     0     0     0     0     0     0     0     0     0]
# (S)PhG4
[1 1 1 1 2 2 9 9 9 0 0 0 0 0 0 0 0 0 0 0 0 0 0 0]
[  701 10701 20602 30601 30802 40601 50801 70807     0     0     0     0
     0     0     0     0     0     0     0     0     0     0     0     0]
# (S)PhG5
[1 1 1 1 2 2 9 9 0 0 0 0 0 0 0 0 0 0 0 0 0 0 0 0]
[  601 10601 20303 20502 30702 40701 60707     0     0     0     0     0
     0     0     0     0     0     0     0     0     0     0     0     0]
# (S)PhG6
[1 1 1 2 2 2 9 9 9 0 0 0 0 0 0 0 0 0 0 0 0 0 0 0]
[  601 10601 20502 20702 30701 40801 60807 70803     0     0     0     0
     0     0     0     0     0     0     0     0     0     0     0     0]
# (S)PhG7
[1 1 1 1 1 2 9 9 0 0 0 0 0 0 0 0 0 0 0 0 0 0 0 0]
[  701 10701 20602 30403 30601 40706 50601     0     0     0     0     0
     0     0     0     0     0     0     0     0     0     0     0     0]
# (S)PhG8
[1 1 1 1 1 2 9 0 0 0 0 0 0 0 0 0 0 0 0 0 0 0 0 0]
[  601 10601 20303 20502 30403 40606     0     0     0     0     0     0
     0     0     0     0     0     0     0     0     0     0     0     0]
# (S)PhG9
[1 1 1 1 1 2 9 9 0 0 0 0 0 0 0 0 0 0 0 0 0 0 0 0]
[  701 10701 20403 30601 30706 40602 50601     0     0     0     0     0
     0     0     0     0     0     0     0     0     0     0     0     0]
# (S)PhG10
[1 1 1 1 2 2 9 9 0 0 0 0 0 0 0 0 0 0 0 0 0 0 0 0]
[  701 10701 20601 20706 30502 30602 40601     0     0     0     0     0
     0     0     0     0     0     0     0     0     0     0     0     0]
# (S)PhG11
[1 1 1 2 2 2 9 9 9 0 0 0 0 0 0 0 0 0 0 0 0 0 0 0]
[  701 10701 20601 20706 30601 40801 50804 60803     0     0     0     0
     0     0     0     0     0     0     0     0     0     0     0     0]
# (S)PhG12
[1 1 1 1 2 2 9 9 0 0 0 0 0 0 0 0 0 0 0 0 0 0 0 0]
[  701 10701 20601 20706 30505 30602 40601     0     0     0     0     0
     0     0     0     0     0     0     0     0     0     0     0     0]
# (S)PhG13
[1 1 1 1 2 2 9 9 0 0 0 0 0 0 0 0 0 0 0 0 0 0 0 0]
[  701 10701 20303 20601 30706 40601 50604     0     0     0     0     0
     0     0     0     0     0     0     0     0     0     0     0     0]
# (S)PhG14
[1 1 1 2 2 2 9 9 9 0 0 0 0 0 0 0 0 0 0 0 0 0 0 0]
[  701 10701 20601 20802 30601 40801 50604 70807     0     0     0     0
     0     0     0     0     0     0     0     0     0     0     0     0]
# (S)PhG15
[1 1 1 2 2 2 9 9 0 0 0 0 0 0 0 0 0 0 0 0 0 0 0 0]
[  107 10601 20502 20702 30601 40701 60703     0     0     0     0     0
     0     0     0     0     0     0     0     0     0     0     0     0]
# (S)PhG16
[1 1 1 1 2 2 9 9 0 0 0 0 0 0 0 0 0 0 0 0 0 0 0 0]
[  701 10701 20601 20706 30502 30605 40601     0     0     0     0     0
     0     0     0     0     0     0     0     0     0     0     0     0]
# (S)PhG17
[1 1 1 1 2 2 9 9 0 0 0 0 0 0 0 0 0 0 0 0 0 0 0 0]
[  601 10601 20502 20702 30606 30704 40701     0     0     0     0     0
     0     0     0     0     0     0     0     0     0     0     0     0]
# (S)PhG18
[1 1 1 1 2 2 9 9 9 0 0 0 0 0 0 0 0 0 0 0 0 0 0 0]
[  701 10701 20802 30601 30706 40601 50801 60803     0     0     0     0
     0     0     0     0     0     0     0     0     0     0     0     0]
# (S)PhG19
[1 1 1 1 2 2 9 0 0 0 0 0 0 0 0 0 0 0 0 0 0 0 0 0]
[  307 10303 10601 20502 20602 40601     0     0     0     0     0     0
     0     0     0     0     0     0     0     0     0     0     0     0]
# (S)PhG20
[1 1 1 2 2 2 9 9 9 0 0 0 0 0 0 0 0 0 0 0 0 0 0 0]
[  601 10806 20701 20801 30701 40701 50601 60801     0     0     0     0
     0     0     0     0     0     0     0     0     0     0     0     0]
# (S)PhG21
[1 1 1 1 8 8 8 8 9 9 0 0 0 0 0 0 0 0 0 0 0 0 0 0]
[  801 10801 20901 30901 40633 40801 50733 50901 60705     0     0     0
     0     0     0     0     0     0     0     0     0     0     0     0]
# (S)PhG22
[1 1 1 1 2 2 9 9 0 0 0 0 0 0 0 0 0 0 0 0 0 0 0 0]
[  602 10307 20601 20702 30701 40601 50701     0     0     0     0     0
     0     0     0     0     0     0     0     0     0     0     0     0]
# (S)PhG23
[1 1 1 2 2 2 9 9 0 0 0 0 0 0 0 0 0 0 0 0 0 0 0 0]
[  601 10602 10701 20502 20702 30701 40601     0     0     0     0     0
     0     0     0     0     0     0     0     0     0     0     0     0]
# (S)PhG24
[1 1 1 2 2 2 9 9 9 0 0 0 0 0 0 0 0 0 0 0 0 0 0 0]
[  701 10701 20601 20801 30601 40601 50802 70805     0     0     0     0
     0     0     0     0     0     0     0     0     0     0     0     0]
# (S)PhG25
[1 1 1 2 2 2 9 9 9 0 0 0 0 0 0 0 0 0 0 0 0 0 0 0]
[  601 10601 20701 20801 30701 40802 50707 60805     0     0     0     0
     0     0     0     0     0     0     0     0     0     0     0     0]
# (S)PhG26
[ 1  2  4  9 14 14 14  0  0  0  0  0  0  0  0  0  0  0  0  0  0  0  0  0]
[  301 10302 20401 20501 20601 30604     0     0     0     0     0     0
     0     0     0     0     0     0     0     0     0     0     0     0]
# (S)PhG27
[1 1 1 1 2 2 9 9 9 0 0 0 0 0 0 0 0 0 0 0 0 0 0 0]
[  601 10701 20701 30502 30801 40601 60801 70805     0     0     0     0
     0     0     0     0     0     0     0     0     0     0     0     0]
# (S)PhG28
[1 1 1 1 2 2 9 9 9 0 0 0 0 0 0 0 0 0 0 0 0 0 0 0]
[  701 10701 20802 30601 30801 40601 50601 70805     0     0     0     0
     0     0     0     0     0     0     0     0     0     0     0     0]
# (S)PhG29
[1 1 1 2 2 2 9 9 9 9 0 0 0 0 0 0 0 0 0 0 0 0 0 0]
[  601 10801 20801 30601 40701 50701 60901 70902 80905     0     0     0
     0     0     0     0     0     0     0     0     0     0     0     0]
# (S)PhG30
[1 1 1 1 2 2 9 9 0 0 0 0 0 0 0 0 0 0 0 0 0 0 0 0]
[  601 10601 20402 20701 30601 30704 50702     0     0     0     0     0
     0     0     0     0     0     0     0     0     0     0     0     0]
# (S)PhG31
[ 1  2  2  4  4  9 14 14  0  0  0  0  0  0  0  0  0  0  0  0  0  0  0  0]
[  102   501 20502 30401 30504 40601 40701     0     0     0     0     0
     0     0     0     0     0     0     0     0     0     0     0     0]
# (S)PhG32
[ 1  2  2  4  4  9 14 14  0  0  0  0  0  0  0  0  0  0  0  0  0  0  0  0]
[  102   501 20502 30401 40601 40701 50704     0     0     0     0     0
     0     0     0     0     0     0     0     0     0     0     0     0]
# (S)PhG33
[ 1  2  4 14 14 14  0  0  0  0  0  0  0  0  0  0  0  0  0  0  0  0  0  0]
[  102   505 20301 20401 20501     0     0     0     0     0     0     0
     0     0     0     0     0     0     0     0     0     0     0     0]
# (S)PhG34
[ 2  2  4  9 14 14 14  0  0  0  0  0  0  0  0  0  0  0  0  0  0  0  0  0]
[  302 10303 20401 20501 20601 30604     0     0     0     0     0     0
     0     0     0     0     0     0     0     0     0     0     0     0]
# (S)PhG35
[1 2 2 2 6 8 8 9 9 0 0 0 0 0 0 0 0 0 0 0 0 0 0 0]
[  502 10701 20801 30801 40802 50633 60703 70806     0     0     0     0
     0     0     0     0     0     0     0     0     0     0     0     0]
# (S)PhG36
[1 1 1 1 1 2 9 0 0 0 0 0 0 0 0 0 0 0 0 0 0 0 0 0]
[  302 10602 20403 20601 30405 50601     0     0     0     0     0     0
     0     0     0     0     0     0     0     0     0     0     0     0]
# (S)PhG37
[1 1 1 1 1 1 9 0 0 0 0 0 0 0 0 0 0 0 0 0 0 0 0 0]
[  601 10601 20403 30505 30601 40503     0     0     0     0     0     0
     0     0     0     0     0     0     0     0     0     0     0     0]
# (S)PhG38
[1 1 1 1 1 2 0 0 0 0 0 0 0 0 0 0 0 0 0 0 0 0 0 0]
[  202 10303 10502 20405 30403     0     0     0     0     0     0     0
     0     0     0     0     0     0     0     0     0     0     0     0]
# (S)PhG39
[1 1 1 1 1 2 9 0 0 0 0 0 0 0 0 0 0 0 0 0 0 0 0 0]
[  402 10303 20405 20601 30602 50601     0     0     0     0     0     0
     0     0     0     0     0     0     0     0     0     0     0     0]
# (S)PhG40
[ 1  1  2  2  4  4  4  9 14  0  0  0  0  0  0  0  0  0  0  0  0  0  0  0]
[  505   701 10302 10702 20701 40601 50601 60801     0     0     0     0
     0     0     0     0     0     0     0     0     0     0     0     0]
# (S)PhG41
[1 1 1 2 2 2 9 9 0 0 0 0 0 0 0 0 0 0 0 0 0 0 0 0]
[  706 10601 10701 20402 20602 30601 50702     0     0     0     0     0
     0     0     0     0     0     0     0     0     0     0     0     0]
# (S)PhG42
[1 2 2 2 6 8 8 9 9 0 0 0 0 0 0 0 0 0 0 0 0 0 0 0]
[  502 10701 20801 30801 40802 50633 60706 70803     0     0     0     0
     0     0     0     0     0     0     0     0     0     0     0     0]
# (S)PhG43
[ 1  2  2  2  4  4  4  9  9 14  0  0  0  0  0  0  0  0  0  0  0  0  0  0]
[  202   702 10701 30802 40601 50601 50804 60901 70805     0     0     0
     0     0     0     0     0     0     0     0     0     0     0     0]
# (S)PhG44
[ 1  2  2  4  4  9 14 14  0  0  0  0  0  0  0  0  0  0  0  0  0  0  0  0]
[  205   501 10502 30401 30504 40601 40701     0     0     0     0     0
     0     0     0     0     0     0     0     0     0     0     0     0]
# (S)PhG45
[1 1 1 2 2 2 9 9 9 0 0 0 0 0 0 0 0 0 0 0 0 0 0 0]
[  601 10601 20701 20804 30801 40702 50804 60705     0     0     0     0
     0     0     0     0     0     0     0     0     0     0     0     0]
# (S)PhG46
[ 1  2  2  4  4  9 14 14  0  0  0  0  0  0  0  0  0  0  0  0  0  0  0  0]
[  305   504 10501 20504 30401 40601 40701     0     0     0     0     0
     0     0     0     0     0     0     0     0     0     0     0     0]
# (S)PhG47
[ 1  1  1  4  4 14 14  0  0  0  0  0  0  0  0  0  0  0  0  0  0  0  0  0]
[  103 10203 20605 30401 40501 40601     0     0     0     0     0     0
     0     0     0     0     0     0     0     0     0     0     0     0]
# (S)PhG48
[ 1  1  2  2  4  4  4  9 14  0  0  0  0  0  0  0  0  0  0  0  0  0  0  0]
[  103   701 10202 30702 40601 50601 50704 60801     0     0     0     0
     0     0     0     0     0     0     0     0     0     0     0     0]
# (S)PhG49
[1 1 1 1 1 2 9 0 0 0 0 0 0 0 0 0 0 0 0 0 0 0 0 0]
[  302 10403 20403 20601 30604 50602     0     0     0     0     0     0
     0     0     0     0     0     0     0     0     0     0     0     0]
# (S)PhG50
[1 1 1 2 2 2 9 9 9 0 0 0 0 0 0 0 0 0 0 0 0 0 0 0]
[  701 10701 20601 20801 30601 40802 50604 70805     0     0     0     0
     0     0     0     0     0     0     0     0     0     0     0     0]
# (S)PhG51
[1 1 1 1 2 2 9 9 9 0 0 0 0 0 0 0 0 0 0 0 0 0 0 0]
[  701 10701 20602 30601 30801 40601 50802 70805     0     0     0     0
     0     0     0     0     0     0     0     0     0     0     0     0]
# (S)PhG52
[ 1  1  2  4  4  9 14 14  0  0  0  0  0  0  0  0  0  0  0  0  0  0  0  0]
[  502 10305 10501 20501 30401 40601 40701     0     0     0     0     0
     0     0     0     0     0     0     0     0     0     0     0     0]
# (S)PhG53
[ 1  2  2  4  4  9 14 14  0  0  0  0  0  0  0  0  0  0  0  0  0  0  0  0]
[  208   501 10502 30401 30504 40601 40701     0     0     0     0     0
     0     0     0     0     0     0     0     0     0     0     0     0]
# (S)PhG54
[ 1  2  2  4  4  9 14 14  0  0  0  0  0  0  0  0  0  0  0  0  0  0  0  0]
[  305   501 10501 20504 30401 40601 40701     0     0     0     0     0
     0     0     0     0     0     0     0     0     0     0     0     0]
# (S)PhG55
[ 1  1  2  4  4  9 14 14  0  0  0  0  0  0  0  0  0  0  0  0  0  0  0  0]
[  103 10501 20502 30401 30504 40601 40701     0     0     0     0     0
     0     0     0     0     0     0     0     0     0     0     0     0]
# (S)PhG56
[ 1  2  2  2  4  4  4  9  9 14  0  0  0  0  0  0  0  0  0  0  0  0  0  0]
[  302   702 10701 20801 40601 50601 50806 60901 70803     0     0     0
     0     0     0     0     0     0     0     0     0     0     0     0]
# (S)PhG57
[ 1  2  2  4  4  9 14 14  0  0  0  0  0  0  0  0  0  0  0  0  0  0  0  0]
[  305   501 10501 20507 30401 40601 40701     0     0     0     0     0
     0     0     0     0     0     0     0     0     0     0     0     0]
# (S)PhG58
[1 1 1 1 2 2 9 9 0 0 0 0 0 0 0 0 0 0 0 0 0 0 0 0]
[  601 10601 20303 20402 30704 50702 60705     0     0     0     0     0
     0     0     0     0     0     0     0     0     0     0     0     0]
# (S)PhG59
[1 1 1 1 2 2 9 9 0 0 0 0 0 0 0 0 0 0 0 0 0 0 0 0]
[  602 10704 20303 20601 30701 40601 50702     0     0     0     0     0
     0     0     0     0     0     0     0     0     0     0     0     0]
# (S)PhG60
[ 1  2  4  9 14 14 14  0  0  0  0  0  0  0  0  0  0  0  0  0  0  0  0  0]
[  304 10302 20401 20501 20601 30604     0     0     0     0     0     0
     0     0     0     0     0     0     0     0     0     0     0     0]
# (S)PhG61
[1 1 1 2 2 2 9 9 0 0 0 0 0 0 0 0 0 0 0 0 0 0 0 0]
[  706 10601 10701 20402 20605 30601 50702     0     0     0     0     0
     0     0     0     0     0     0     0     0     0     0     0     0]
# (S)PhG62
[1 1 1 1 2 2 9 0 0 0 0 0 0 0 0 0 0 0 0 0 0 0 0 0]
[  305 10303 10601 20502 20602 40601     0     0     0     0     0     0
     0     0     0     0     0     0     0     0     0     0     0     0]
# (S)PhG63
[ 2  2  4  9 14 14 14  0  0  0  0  0  0  0  0  0  0  0  0  0  0  0  0  0]
[  301 10304 20401 20501 20601 30609     0     0     0     0     0     0
     0     0     0     0     0     0     0     0     0     0     0     0]
# (S)PhG64
[ 2  2  4  9 14 14 14  0  0  0  0  0  0  0  0  0  0  0  0  0  0  0  0  0]
[  301 10304 20401 20501 20601 30606     0     0     0     0     0     0
     0     0     0     0     0     0     0     0     0     0     0     0]
# (S)PhG65
[ 1  2  2  4  4  9 14 14  0  0  0  0  0  0  0  0  0  0  0  0  0  0  0  0]
[  202   502 10501 30401 30506 40601 40701     0     0     0     0     0
     0     0     0     0     0     0     0     0     0     0     0     0]
# (S)PhG66
[1 1 1 2 2 2 9 9 9 0 0 0 0 0 0 0 0 0 0 0 0 0 0 0]
[  601 10601 20402 20702 30701 50802 60805 70802     0     0     0     0
     0     0     0     0     0     0     0     0     0     0     0     0]
# (S)PhG67
[ 2  2  4  9 14 14 14  0  0  0  0  0  0  0  0  0  0  0  0  0  0  0  0  0]
[  302 10309 20401 20501 20601 30604     0     0     0     0     0     0
     0     0     0     0     0     0     0     0     0     0     0     0]
# (S)PhG68
[1 1 1 1 2 2 9 9 0 0 0 0 0 0 0 0 0 0 0 0 0 0 0 0]
[  704 10307 20502 20701 30601 40601 60704     0     0     0     0     0
     0     0     0     0     0     0     0     0     0     0     0     0]
# (S)PhG69
[ 2  2  4  9 14 14 14  0  0  0  0  0  0  0  0  0  0  0  0  0  0  0  0  0]
[  301 10307 20401 20501 20601 30606     0     0     0     0     0     0
     0     0     0     0     0     0     0     0     0     0     0     0]
# (S)PhG70
[ 1  1  2  4  4 14 14  0  0  0  0  0  0  0  0  0  0  0  0  0  0  0  0  0]
[  103   202 10308 30401 40501 40601     0     0     0     0     0     0
     0     0     0     0     0     0     0     0     0     0     0     0]
# (S)PhG71
[1 1 1 2 2 2 9 9 9 0 0 0 0 0 0 0 0 0 0 0 0 0 0 0]
[  601 10601 20601 20804 30701 40802 50707 70802     0     0     0     0
     0     0     0     0     0     0     0     0     0     0     0     0]
# (S)PhG72
[1 1 1 1 2 2 9 9 0 0 0 0 0 0 0 0 0 0 0 0 0 0 0 0]
[  602 10305 20601 20702 30701 40601 50701     0     0     0     0     0
     0     0     0     0     0     0     0     0     0     0     0     0]
# (S)PhG73
[ 1  1  2  2  4  4  4  9 14  0  0  0  0  0  0  0  0  0  0  0  0  0  0  0]
[  103   701 10505 20701 30704 40601 50601 60801     0     0     0     0
     0     0     0     0     0     0     0     0     0     0     0     0]
# (S)PhG74
[1 1 1 1 2 2 9 9 9 0 0 0 0 0 0 0 0 0 0 0 0 0 0 0]
[  801 10804 20307 30601 40701 50601 60703 70801     0     0     0     0
     0     0     0     0     0     0     0     0     0     0     0     0]
# (S)PhG75
[1 1 1 1 2 2 9 9 0 0 0 0 0 0 0 0 0 0 0 0 0 0 0 0]
[  604 10307 20502 20601 30704 40701 60701     0     0     0     0     0
     0     0     0     0     0     0     0     0     0     0     0     0]
# (S)PhG76
[1 1 1 1 1 2 9 9 9 0 0 0 0 0 0 0 0 0 0 0 0 0 0 0]
[  701 10701 20801 30804 40601 40706 50601 60804     0     0     0     0
     0     0     0     0     0     0     0     0     0     0     0     0]
# (S)PhG77
[1 1 1 2 2 2 9 9 9 0 0 0 0 0 0 0 0 0 0 0 0 0 0 0]
[  701 10701 20601 20804 30601 40802 50604 70805     0     0     0     0
     0     0     0     0     0     0     0     0     0     0     0     0]
# (S)PhG78
[ 1  1  2  2  4  4  4  9  9 14  0  0  0  0  0  0  0  0  0  0  0  0  0  0]
[  705 10701 10801 20701 30802 40601 50601 50804 60901     0     0     0
     0     0     0     0     0     0     0     0     0     0     0     0]
# (S)PhG79
[1 1 1 1 1 2 9 9 0 0 0 0 0 0 0 0 0 0 0 0 0 0 0 0]
[  601 10601 20704 30502 30701 40606 40705     0     0     0     0     0
     0     0     0     0     0     0     0     0     0     0     0     0]
# (S)PhG80
[ 1  2  2  4  4  9 14 14  0  0  0  0  0  0  0  0  0  0  0  0  0  0  0  0]
[  308   501 10501 20504 30401 40601 40701     0     0     0     0     0
     0     0     0     0     0     0     0     0     0     0     0     0]
# (S)PhG81
[1 1 1 1 1 2 9 9 9 0 0 0 0 0 0 0 0 0 0 0 0 0 0 0]
[  601 10801 20801 30604 40704 40806 50701 60701     0     0     0     0
     0     0     0     0     0     0     0     0     0     0     0     0]
# (S)PhG82
[ 1  1  1  2  4  4  4  9 14  0  0  0  0  0  0  0  0  0  0  0  0  0  0  0]
[  702 10203 10701 20805 30701 40601 50601 60801     0     0     0     0
     0     0     0     0     0     0     0     0     0     0     0     0]
# (S)PhG83
[1 1 1 2 2 2 9 9 9 0 0 0 0 0 0 0 0 0 0 0 0 0 0 0]
[  601 10601 20601 20804 30701 40802 50704 70805     0     0     0     0
     0     0     0     0     0     0     0     0     0     0     0     0]
# (S)PhG84
[1 1 1 2 2 2 9 9 9 0 0 0 0 0 0 0 0 0 0 0 0 0 0 0]
[  801 10801 20601 20809 30601 40701 50701 60703     0     0     0     0
     0     0     0     0     0     0     0     0     0     0     0     0]
# (S)PhG85
[1 1 1 1 2 2 9 9 0 0 0 0 0 0 0 0 0 0 0 0 0 0 0 0]
[  601 10704 20502 20701 30602 30702 40601     0     0     0     0     0
     0     0     0     0     0     0     0     0     0     0     0     0]
# (S)PhG86
[1 1 2 2 2 2 9 9 9 0 0 0 0 0 0 0 0 0 0 0 0 0 0 0]
[  806 10402 10602 20601 30701 50802 60703 70802     0     0     0     0
     0     0     0     0     0     0     0     0     0     0     0     0]
# (S)PhG87
[1 1 2 2 2 8 8 9 9 0 0 0 0 0 0 0 0 0 0 0 0 0 0 0]
[  701 10602 20701 30801 40801 50632 50801 70804     0     0     0     0
     0     0     0     0     0     0     0     0     0     0     0     0]
# (S)PhG88
[1 1 1 2 2 8 8 9 9 9 0 0 0 0 0 0 0 0 0 0 0 0 0 0]
[  701 10701 20802 30801 40901 50633 50701 60903 80903     0     0     0
     0     0     0     0     0     0     0     0     0     0     0     0]
# (S)PhG89
[1 1 1 2 6 8 8 9 9 0 0 0 0 0 0 0 0 0 0 0 0 0 0 0]
[  701 10701 20608 20801 30801 40802 50633 50701     0     0     0     0
     0     0     0     0     0     0     0     0     0     0     0     0]
# (S)PhG90
[ 2  2  2  4  4  9  9 14 14  0  0  0  0  0  0  0  0  0  0  0  0  0  0  0]
[  501 10602 20504 30401 30604 40701 40801 50605     0     0     0     0
     0     0     0     0     0     0     0     0     0     0     0     0]
# (S)PhG91
[1 1 1 2 2 8 8 9 0 0 0 0 0 0 0 0 0 0 0 0 0 0 0 0]
[  502 10203 10701 20605 30701 40701 50633     0     0     0     0     0
     0     0     0     0     0     0     0     0     0     0     0     0]
# (S)PhG92
[1 1 1 2 2 2 9 9 0 0 0 0 0 0 0 0 0 0 0 0 0 0 0 0]
[  210 10601 10702 20701 30601 40601 50701     0     0     0     0     0
     0     0     0     0     0     0     0     0     0     0     0     0]
# (S)PhG93
[ 2  2  2  4  4  9  9 14 14  0  0  0  0  0  0  0  0  0  0  0  0  0  0  0]
[  501 10601 20504 30401 30606 40701 40801 50603     0     0     0     0
     0     0     0     0     0     0     0     0     0     0     0     0]
# (S)PhG94
[1 1 1 2 2 2 9 9 9 0 0 0 0 0 0 0 0 0 0 0 0 0 0 0]
[  804 10708 20601 20702 30601 40701 50803 60801     0     0     0     0
     0     0     0     0     0     0     0     0     0     0     0     0]
# (S)PhG95
[1 1 2 2 2 2 9 9 9 9 0 0 0 0 0 0 0 0 0 0 0 0 0 0]
[  601 10601 20701 30801 40902 50804 60905 70803 70902     0     0     0
     0     0     0     0     0     0     0     0     0     0     0     0]
# (S)PhG96
[ 1  1  2  2  4  4  4  9  9 14  0  0  0  0  0  0  0  0  0  0  0  0  0  0]
[  103 10702 20701 30802 40601 50601 50804 60901 70802     0     0     0
     0     0     0     0     0     0     0     0     0     0     0     0]
# (S)PhG97
[ 1  1  2  2  4  4  4  9  9 14  0  0  0  0  0  0  0  0  0  0  0  0  0  0]
[  702 10701 10801 20701 30802 40601 50601 50804 60901     0     0     0
     0     0     0     0     0     0     0     0     0     0     0     0]
# (S)PhG98
[1 1 1 2 2 2 9 9 0 0 0 0 0 0 0 0 0 0 0 0 0 0 0 0]
[  708 10203 10601 20702 30601 40601 50701     0     0     0     0     0
     0     0     0     0     0     0     0     0     0     0     0     0]
# (S)PhG99
[1 1 1 2 2 8 8 9 9 0 0 0 0 0 0 0 0 0 0 0 0 0 0 0]
[  701 10701 20402 20805 30801 50633 50701 60803     0     0     0     0
     0     0     0     0     0     0     0     0     0     0     0     0]
# (S)PhG100
[1 1 1 2 2 6 9 0 0 0 0 0 0 0 0 0 0 0 0 0 0 0 0 0]
[  210 10203 10601 30601 40601 50602     0     0     0     0     0     0
     0     0     0     0     0     0     0     0     0     0     0     0]
# (S)PhG101
[1 1 1 2 2 6 9 9 9 0 0 0 0 0 0 0 0 0 0 0 0 0 0 0]
[  701 10701 20601 20805 30601 40801 50602 70807     0     0     0     0
     0     0     0     0     0     0     0     0     0     0     0     0]
# (S)PhG102
[1 1 1 2 2 8 8 9 9 0 0 0 0 0 0 0 0 0 0 0 0 0 0 0]
[  701 10701 20402 20802 30801 50633 50701 60806     0     0     0     0
     0     0     0     0     0     0     0     0     0     0     0     0]
# (S)PhG103
[1 1 2 2 2 6 9 9 0 0 0 0 0 0 0 0 0 0 0 0 0 0 0 0]
[  502   601 10402 10702 20601 30701 60703     0     0     0     0     0
     0     0     0     0     0     0     0     0     0     0     0     0]
# (S)PhG104
[1 1 1 2 2 2 9 9 9 0 0 0 0 0 0 0 0 0 0 0 0 0 0 0]
[  601 10601 20402 20705 30701 50802 60805 70802     0     0     0     0
     0     0     0     0     0     0     0     0     0     0     0     0]
# (S)PhG105
[1 1 2 2 2 6 9 9 9 0 0 0 0 0 0 0 0 0 0 0 0 0 0 0]
[  701 10601 10802 20601 30701 40801 50602 70803     0     0     0     0
     0     0     0     0     0     0     0     0     0     0     0     0]
# (S)PhG106
[1 1 1 2 2 8 8 9 9 0 0 0 0 0 0 0 0 0 0 0 0 0 0 0]
[  701 10701 20805 30801 40801 50632 50701 60801     0     0     0     0
     0     0     0     0     0     0     0     0     0     0     0     0]
# (S)PhG107
[1 1 1 2 2 8 8 9 9 9 0 0 0 0 0 0 0 0 0 0 0 0 0 0]
[  701 10701 20801 30801 40901 50632 50701 60901 80904     0     0     0
     0     0     0     0     0     0     0     0     0     0     0     0]
# (S)PhG108
[1 1 2 2 2 6 9 9 0 0 0 0 0 0 0 0 0 0 0 0 0 0 0 0]
[  601 10602 10701 20601 30701 40701 50702     0     0     0     0     0
     0     0     0     0     0     0     0     0     0     0     0     0]
# (S)PhG109
[1 1 1 2 2 2 9 9 9 0 0 0 0 0 0 0 0 0 0 0 0 0 0 0]
[  701 10601 20601 30701 40801 50801 60804 70804     0     0     0     0
     0     0     0     0     0     0     0     0     0     0     0     0]
# (S)PhG110
[1 1 1 2 2 2 9 9 0 0 0 0 0 0 0 0 0 0 0 0 0 0 0 0]
[  207 10601 10702 20704 30601 40601 50701     0     0     0     0     0
     0     0     0     0     0     0     0     0     0     0     0     0]
# (S)PhG111
[1 1 2 2 6 6 9 9 0 0 0 0 0 0 0 0 0 0 0 0 0 0 0 0]
[  601   702 10403 10602 20601 30701 50703     0     0     0     0     0
     0     0     0     0     0     0     0     0     0     0     0     0]
# (S)PhG112
[1 1 1 2 2 8 8 9 0 0 0 0 0 0 0 0 0 0 0 0 0 0 0 0]
[  502 10402 10702 20602 20704 30701 50633     0     0     0     0     0
     0     0     0     0     0     0     0     0     0     0     0     0]
# (S)PhG113
[1 1 1 1 6 8 8 9 0 0 0 0 0 0 0 0 0 0 0 0 0 0 0 0]
[  701 10701 20303 20403 30605 50633 50701     0     0     0     0     0
     0     0     0     0     0     0     0     0     0     0     0     0]
# (S)PhG114
[1 1 1 2 6 8 8 9 9 0 0 0 0 0 0 0 0 0 0 0 0 0 0 0]
[  701 10701 20403 20802 30801 50633 50701 60806     0     0     0     0
     0     0     0     0     0     0     0     0     0     0     0     0]
# (S)PhG115
[1 1 1 2 2 2 9 9 9 9 0 0 0 0 0 0 0 0 0 0 0 0 0 0]
[  701 10701 20804 30601 40901 50803 60801 60903 70907     0     0     0
     0     0     0     0     0     0     0     0     0     0     0     0]
# (S)PhG116
[ 1  1  2  2  4  4  4  9 14  0  0  0  0  0  0  0  0  0  0  0  0  0  0  0]
[  505   701 10302 10705 20701 40601 50601 60801     0     0     0     0
     0     0     0     0     0     0     0     0     0     0     0     0]
# (S)PhG117
[1 1 2 2 6 6 9 9 0 0 0 0 0 0 0 0 0 0 0 0 0 0 0 0]
[  402   601 10602 10701 20601 30701 50705     0     0     0     0     0
     0     0     0     0     0     0     0     0     0     0     0     0]
# (S)PhG118
[1 1 2 2 2 6 9 9 0 0 0 0 0 0 0 0 0 0 0 0 0 0 0 0]
[  611 10602 10701 20601 30701 40701 50702     0     0     0     0     0
     0     0     0     0     0     0     0     0     0     0     0     0]
# (S)PhG119
[1 1 1 2 2 8 8 9 0 0 0 0 0 0 0 0 0 0 0 0 0 0 0 0]
[  502 10605 10701 20402 20702 30701 50633     0     0     0     0     0
     0     0     0     0     0     0     0     0     0     0     0     0]
# (S)PhG120
[1 1 1 2 2 6 9 9 0 0 0 0 0 0 0 0 0 0 0 0 0 0 0 0]
[  708 10203 10601 20702 30601 40701 50602     0     0     0     0     0
     0     0     0     0     0     0     0     0     0     0     0     0]
# (S)PhG121
[1 1 1 2 2 2 9 9 9 0 0 0 0 0 0 0 0 0 0 0 0 0 0 0]
[  701 10701 20601 20805 30601 40601 50801 70807     0     0     0     0
     0     0     0     0     0     0     0     0     0     0     0     0]
# (S)PhG122
[1 1 1 2 2 2 9 9 9 0 0 0 0 0 0 0 0 0 0 0 0 0 0 0]
[  701 10701 20601 20802 30601 40601 50801 70810     0     0     0     0
     0     0     0     0     0     0     0     0     0     0     0     0]
# (S)PhG123
[1 1 1 2 2 8 8 9 0 0 0 0 0 0 0 0 0 0 0 0 0 0 0 0]
[  502 10203 10402 20702 30701 50633 60703     0     0     0     0     0
     0     0     0     0     0     0     0     0     0     0     0     0]
# (S)PhG124
[1 1 1 2 6 8 8 9 0 0 0 0 0 0 0 0 0 0 0 0 0 0 0 0]
[  502 10203 10701 20605 30701 40702 50633     0     0     0     0     0
     0     0     0     0     0     0     0     0     0     0     0     0]
# (S)PhG125
[1 1 1 2 2 2 9 9 0 0 0 0 0 0 0 0 0 0 0 0 0 0 0 0]
[  706 10203 10601 20701 30601 40702 50604     0     0     0     0     0
     0     0     0     0     0     0     0     0     0     0     0     0]
# (S)PhG126
[1 1 2 2 6 6 9 9 0 0 0 0 0 0 0 0 0 0 0 0 0 0 0 0]
[  402   601 10503 10702 20601 30701 60703     0     0     0     0     0
     0     0     0     0     0     0     0     0     0     0     0     0]
# (S)PhG127
[1 1 1 2 2 6 9 9 0 0 0 0 0 0 0 0 0 0 0 0 0 0 0 0]
[  708 10601 10702 20503 20602 30601 40701     0     0     0     0     0
     0     0     0     0     0     0     0     0     0     0     0     0]
# (S)PhG128
[ 1  2  2  4  4  9  9 14 14  0  0  0  0  0  0  0  0  0  0  0  0  0  0  0]
[  505 10501 20602 30401 30604 40701 40801 50602     0     0     0     0
     0     0     0     0     0     0     0     0     0     0     0     0]
# (S)PhG129
[1 1 1 2 6 8 8 9 9 0 0 0 0 0 0 0 0 0 0 0 0 0 0 0]
[  701 10701 20403 20805 30801 50633 50701 60803     0     0     0     0
     0     0     0     0     0     0     0     0     0     0     0     0]
# (S)PhG130
[1 1 1 2 2 8 8 9 9 0 0 0 0 0 0 0 0 0 0 0 0 0 0 0]
[  502 10702 20701 20802 30701 40801 50633 60803     0     0     0     0
     0     0     0     0     0     0     0     0     0     0     0     0]
# (S)PhG131
[1 1 2 2 6 6 9 9 0 0 0 0 0 0 0 0 0 0 0 0 0 0 0 0]
[  402   701 10601 10705 20601 30701 50602     0     0     0     0     0
     0     0     0     0     0     0     0     0     0     0     0     0]
# (S)PhG132
[1 1 1 2 6 8 8 9 0 0 0 0 0 0 0 0 0 0 0 0 0 0 0 0]
[  502 10605 10701 20403 20702 30701 50633     0     0     0     0     0
     0     0     0     0     0     0     0     0     0     0     0     0]
# (S)PhG133
[1 1 1 2 6 8 8 9 0 0 0 0 0 0 0 0 0 0 0 0 0 0 0 0]
[  502 10203 10702 20403 30701 50633 60703     0     0     0     0     0
     0     0     0     0     0     0     0     0     0     0     0     0]
# (S)PhG134
[1 1 2 2 6 6 9 9 0 0 0 0 0 0 0 0 0 0 0 0 0 0 0 0]
[  601   702 10402 10704 20601 30701 50602     0     0     0     0     0
     0     0     0     0     0     0     0     0     0     0     0     0]
# (S)PhG135
[1 1 2 2 2 2 9 9 0 0 0 0 0 0 0 0 0 0 0 0 0 0 0 0]
[  601   702 10503 10701 20601 30601 40701     0     0     0     0     0
     0     0     0     0     0     0     0     0     0     0     0     0]
# (S)PhG136
[1 1 1 2 2 6 9 9 0 0 0 0 0 0 0 0 0 0 0 0 0 0 0 0]
[  601 10601 20612 20701 30701 40701 50702     0     0     0     0     0
     0     0     0     0     0     0     0     0     0     0     0     0]
# (S)PhG137
[1 1 1 2 2 8 8 9 9 0 0 0 0 0 0 0 0 0 0 0 0 0 0 0]
[  701 10701 20608 20801 30801 40801 50633 50701     0     0     0     0
     0     0     0     0     0     0     0     0     0     0     0     0]
# (S)PhG138
[1 1 1 2 2 6 9 9 9 0 0 0 0 0 0 0 0 0 0 0 0 0 0 0]
[  701 10701 20601 20802 30601 40801 50602 70810     0     0     0     0
     0     0     0     0     0     0     0     0     0     0     0     0]
# (S)PhG139
[1 1 1 2 2 6 9 9 9 0 0 0 0 0 0 0 0 0 0 0 0 0 0 0]
[  601 10601 20503 20702 30701 40801 60807 70803     0     0     0     0
     0     0     0     0     0     0     0     0     0     0     0     0]
# (S)PhG140
[1 1 2 2 2 2 9 9 9 0 0 0 0 0 0 0 0 0 0 0 0 0 0 0]
[  808 10601 10702 20601 30601 40701 50801 70803     0     0     0     0
     0     0     0     0     0     0     0     0     0     0     0     0]
# (S)PhG141
[1 1 1 2 2 2 9 9 9 0 0 0 0 0 0 0 0 0 0 0 0 0 0 0]
[  601 10601 20601 20804 30701 40802 50704 70802     0     0     0     0
     0     0     0     0     0     0     0     0     0     0     0     0]
# (S)PhG142
[1 2 2 2 6 6 9 9 0 0 0 0 0 0 0 0 0 0 0 0 0 0 0 0]
[  602   704 10601 20701 30701 40702 50603     0     0     0     0     0
     0     0     0     0     0     0     0     0     0     0     0     0]
# (S)PhG143
[1 1 2 2 2 4 4 4 4 9 9 0 0 0 0 0 0 0 0 0 0 0 0 0]
[  901  1004 10302 10902 20901 41002 50801 60801 70801 71004     0     0
     0     0     0     0     0     0     0     0     0     0     0     0]
# (S)PhG144
[ 1  1  2  2  4  4  4  9 14  0  0  0  0  0  0  0  0  0  0  0  0  0  0  0]
[  106   701 10202 30702 40601 50601 50704 60801     0     0     0     0
     0     0     0     0     0     0     0     0     0     0     0     0]
# (S)PhG145
[1 1 1 1 2 2 9 9 0 0 0 0 0 0 0 0 0 0 0 0 0 0 0 0]
[  302 10602 20601 20704 30704 40601 50702     0     0     0     0     0
     0     0     0     0     0     0     0     0     0     0     0     0]
# (S)PhG146
[1 1 1 1 2 2 9 9 0 0 0 0 0 0 0 0 0 0 0 0 0 0 0 0]
[  302 10602 20601 20702 30706 40601 50701     0     0     0     0     0
     0     0     0     0     0     0     0     0     0     0     0     0]
# (S)PhG147
[1 1 1 1 2 2 9 0 0 0 0 0 0 0 0 0 0 0 0 0 0 0 0 0]
[  302 10308 10601 20502 20602 40601     0     0     0     0     0     0
     0     0     0     0     0     0     0     0     0     0     0     0]
# (S)PhG148
[ 1  1  4 14 14 14  0  0  0  0  0  0  0  0  0  0  0  0  0  0  0  0  0  0]
[  103 10508 20301 20401 20501     0     0     0     0     0     0     0
     0     0     0     0     0     0     0     0     0     0     0     0]
# (S)PhG149
[ 1  1  2  4  4  9 14 14  0  0  0  0  0  0  0  0  0  0  0  0  0  0  0  0]
[  106 10501 20502 30401 40601 40701 50704     0     0     0     0     0
     0     0     0     0     0     0     0     0     0     0     0     0]
# (S)PhG150
[1 1 1 1 1 2 9 9 0 0 0 0 0 0 0 0 0 0 0 0 0 0 0 0]
[  601 10601 20403 30601 30704 40704 50702     0     0     0     0     0
     0     0     0     0     0     0     0     0     0     0     0     0]
# (S)PhG151
[1 1 1 1 1 2 9 9 0 0 0 0 0 0 0 0 0 0 0 0 0 0 0 0]
[  601 10601 20403 30601 30706 40702 50701     0     0     0     0     0
     0     0     0     0     0     0     0     0     0     0     0     0]
# (S)PhG152
[ 1  1  2  4  4  9 14 14  0  0  0  0  0  0  0  0  0  0  0  0  0  0  0  0]
[  505 10501 10705 20501 30401 40601 40701     0     0     0     0     0
     0     0     0     0     0     0     0     0     0     0     0     0]
# (S)PhG153
[1 1 1 1 1 2 9 0 0 0 0 0 0 0 0 0 0 0 0 0 0 0 0 0]
[  601 10601 20408 20601 30403 30502     0     0     0     0     0     0
     0     0     0     0     0     0     0     0     0     0     0     0]
# (S)PhG154
[1 1 1 1 2 2 9 9 0 0 0 0 0 0 0 0 0 0 0 0 0 0 0 0]
[  302 10605 20601 20701 30704 40601 50702     0     0     0     0     0
     0     0     0     0     0     0     0     0     0     0     0     0]
# (S)PhG155
[1 1 1 2 6 8 8 9 9 0 0 0 0 0 0 0 0 0 0 0 0 0 0 0]
[  701 10701 20602 20801 30801 40808 50633 50701     0     0     0     0
     0     0     0     0     0     0     0     0     0     0     0     0]
# (S)PhG156
[1 1 1 2 6 8 8 9 9 0 0 0 0 0 0 0 0 0 0 0 0 0 0 0]
[  701 10701 20602 20804 30801 40805 50633 50701     0     0     0     0
     0     0     0     0     0     0     0     0     0     0     0     0]
# (S)PhG157
[1 1 1 2 2 2 9 9 9 0 0 0 0 0 0 0 0 0 0 0 0 0 0 0]
[  601 10601 20601 20806 30701 40801 50704 70803     0     0     0     0
     0     0     0     0     0     0     0     0     0     0     0     0]
# (S)PhG158
[1 1 1 2 2 8 8 9 9 0 0 0 0 0 0 0 0 0 0 0 0 0 0 0]
[  701 10701 20602 20801 30801 40804 50633 50701     0     0     0     0
     0     0     0     0     0     0     0     0     0     0     0     0]
# (S)PhG159
[1 1 1 2 2 6 9 9 9 0 0 0 0 0 0 0 0 0 0 0 0 0 0 0]
[  701 10701 20601 20706 30601 40801 50805 60803     0     0     0     0
     0     0     0     0     0     0     0     0     0     0     0     0]
# (S)PhG160
[1 1 2 2 2 4 4 4 4 9 9 0 0 0 0 0 0 0 0 0 0 0 0 0]
[  705   901 10402 11002 20901 31001 50801 60801 70801 91003     0     0
     0     0     0     0     0     0     0     0     0     0     0     0]
# (S)PhG161
[1 1 2 2 6 8 8 9 9 0 0 0 0 0 0 0 0 0 0 0 0 0 0 0]
[  502 10602 10701 20701 30801 40805 50633 70803     0     0     0     0
     0     0     0     0     0     0     0     0     0     0     0     0]
# (S)PhG162
[1 1 2 2 2 2 9 9 0 0 0 0 0 0 0 0 0 0 0 0 0 0 0 0]
[  503   601 10402 10702 20601 30701 60703     0     0     0     0     0
     0     0     0     0     0     0     0     0     0     0     0     0]
# (S)PhG163
[1 1 1 1 2 2 9 9 9 0 0 0 0 0 0 0 0 0 0 0 0 0 0 0]
[  701 10701 20804 30604 30706 40601 50803 60801     0     0     0     0
     0     0     0     0     0     0     0     0     0     0     0     0]
# (S)PhG164
[1 2 2 2 2 6 9 9 9 0 0 0 0 0 0 0 0 0 0 0 0 0 0 0]
[  601 10601 20701 30801 40801 50802 60703 70803     0     0     0     0
     0     0     0     0     0     0     0     0     0     0     0     0]
# (S)PhG165
[1 1 2 2 2 8 8 9 9 9 0 0 0 0 0 0 0 0 0 0 0 0 0 0]
[  701 10701 20801 30801 40901 50633 50701 60903 80906     0     0     0
     0     0     0     0     0     0     0     0     0     0     0     0]
# (S)PhG166
[1 1 1 1 2 2 9 9 9 0 0 0 0 0 0 0 0 0 0 0 0 0 0 0]
[  701 10701 20804 30601 30706 40601 50803 60804     0     0     0     0
     0     0     0     0     0     0     0     0     0     0     0     0]
# (S)PhG167
[1 1 2 2 6 8 8 9 9 9 0 0 0 0 0 0 0 0 0 0 0 0 0 0]
[  701 10701 20801 30901 40802 50633 50701 60906 80903     0     0     0
     0     0     0     0     0     0     0     0     0     0     0     0]
# (S)PhG168
[ 1  1  2  4  4  9 14 14  0  0  0  0  0  0  0  0  0  0  0  0  0  0  0  0]
[  103 10504 20502 30401 30504 40601 40701     0     0     0     0     0
     0     0     0     0     0     0     0     0     0     0     0     0]
# (S)PhG169
[1 1 2 2 2 8 8 9 9 9 0 0 0 0 0 0 0 0 0 0 0 0 0 0]
[  701 10701 20801 30901 40904 50633 50701 60803 80903     0     0     0
     0     0     0     0     0     0     0     0     0     0     0     0]
# (S)PhG170
[ 1  1  2  4  4  9 14 14  0  0  0  0  0  0  0  0  0  0  0  0  0  0  0  0]
[  502 10501 10708 20501 30401 40601 40701     0     0     0     0     0
     0     0     0     0     0     0     0     0     0     0     0     0]
# (S)PhG171
[1 1 1 2 2 2 9 9 0 0 0 0 0 0 0 0 0 0 0 0 0 0 0 0]
[  105 10601 20502 20702 30601 40701 60703     0     0     0     0     0
     0     0     0     0     0     0     0     0     0     0     0     0]
# (S)PhG172
[1 1 1 2 2 2 9 9 0 0 0 0 0 0 0 0 0 0 0 0 0 0 0 0]
[  604 10601 10704 20402 20702 30701 50602     0     0     0     0     0
     0     0     0     0     0     0     0     0     0     0     0     0]
# (S)PhG173
[1 1 1 2 2 2 9 9 9 0 0 0 0 0 0 0 0 0 0 0 0 0 0 0]
[  602 10804 20601 20702 30601 40701 50802 70802     0     0     0     0
     0     0     0     0     0     0     0     0     0     0     0     0]
# (S)PhG174
[1 1 1 1 1 2 9 9 0 0 0 0 0 0 0 0 0 0 0 0 0 0 0 0]
[  601 10601 20705 30405 30601 40701 50701     0     0     0     0     0
     0     0     0     0     0     0     0     0     0     0     0     0]
# (S)PhG175
[1 1 1 2 2 2 9 0 0 0 0 0 0 0 0 0 0 0 0 0 0 0 0 0]
[  203   601 10402 10602 20503 30601     0     0     0     0     0     0
     0     0     0     0     0     0     0     0     0     0     0     0]
# (S)PhG176
[1 1 1 2 2 4 4 4 4 9 0 0 0 0 0 0 0 0 0 0 0 0 0 0]
[  203   901 10402 10902 20705 30901 50801 60801 70801     0     0     0
     0     0     0     0     0     0     0     0     0     0     0     0]
# (S)PhG177
[1 1 1 2 2 2 9 9 0 0 0 0 0 0 0 0 0 0 0 0 0 0 0 0]
[  602 10601 10702 20503 20701 30601 40701     0     0     0     0     0
     0     0     0     0     0     0     0     0     0     0     0     0]
# (S)PhG178
[1 1 1 2 2 4 4 4 4 9 9 0 0 0 0 0 0 0 0 0 0 0 0 0]
[  902 10901 11002 20705 21001 30901 41001 50801 60801 70801     0     0
     0     0     0     0     0     0     0     0     0     0     0     0]
# (S)PhG179
[1 1 1 2 2 4 4 4 4 9 9 0 0 0 0 0 0 0 0 0 0 0 0 0]
[  902 10203 10901 21001 30901 41002 50801 60801 70801 71004     0     0
     0     0     0     0     0     0     0     0     0     0     0     0]
# (S)PhG180
[ 1  1  1  2  4  4  4 14  0  0  0  0  0  0  0  0  0  0  0  0  0  0  0  0]
[  103   302 10203 20505 40601 50601 60701     0     0     0     0     0
     0     0     0     0     0     0     0     0     0     0     0     0]
# (S)PhG181
[1 1 1 1 2 2 9 0 0 0 0 0 0 0 0 0 0 0 0 0 0 0 0 0]
[  202 10306 10601 20604 30402 50602     0     0     0     0     0     0
     0     0     0     0     0     0     0     0     0     0     0     0]
# (S)PhG182
[ 1  1  2  4  4 14 14  0  0  0  0  0  0  0  0  0  0  0  0  0  0  0  0  0]
[  106   202 10605 30401 40501 40601     0     0     0     0     0     0
     0     0     0     0     0     0     0     0     0     0     0     0]
# (S)PhG183
[1 1 1 1 1 2 9 9 0 0 0 0 0 0 0 0 0 0 0 0 0 0 0 0]
[  601 10601 20702 30408 30601 40701 50701     0     0     0     0     0
     0     0     0     0     0     0     0     0     0     0     0     0]
# (S)PhG184
[ 1  1  2  2  4  4  4  9  9 14  0  0  0  0  0  0  0  0  0  0  0  0  0  0]
[  702 10701 10802 20701 30801 40601 50601 60901 80906     0     0     0
     0     0     0     0     0     0     0     0     0     0     0     0]
# (S)PhG185
[ 1  1  2  2  4  4  4  9 14  0  0  0  0  0  0  0  0  0  0  0  0  0  0  0]
[  701   808 10302 10702 20701 40601 50601 60801     0     0     0     0
     0     0     0     0     0     0     0     0     0     0     0     0]
# (S)PhG186
[ 1  1  2  2  4  4  4  9 14  0  0  0  0  0  0  0  0  0  0  0  0  0  0  0]
[  302   702 10704 10805 20701 40601 50601 60801     0     0     0     0
     0     0     0     0     0     0     0     0     0     0     0     0]
# (S)PhG187
[1 1 1 2 2 2 9 9 0 0 0 0 0 0 0 0 0 0 0 0 0 0 0 0]
[  704 10601 10704 20402 20602 30601 50702     0     0     0     0     0
     0     0     0     0     0     0     0     0     0     0     0     0]
# (S)PhG188
[1 1 1 2 2 2 9 9 0 0 0 0 0 0 0 0 0 0 0 0 0 0 0 0]
[  706 10601 10702 20502 20602 30601 40701     0     0     0     0     0
     0     0     0     0     0     0     0     0     0     0     0     0]
# (S)PhG189
[ 1  1  2  4  4  9 14 14  0  0  0  0  0  0  0  0  0  0  0  0  0  0  0  0]
[  103 10504 20502 30401 40601 40701 50704     0     0     0     0     0
     0     0     0     0     0     0     0     0     0     0     0     0]
# (S)PhG190
[ 1  1  2  4  4  9 14 14  0  0  0  0  0  0  0  0  0  0  0  0  0  0  0  0]
[  103 10502 20501 30401 40601 40701 50706     0     0     0     0     0
     0     0     0     0     0     0     0     0     0     0     0     0]
# (S)PhG191
[ 1  1  2  2  4  4  4  9  9 14  0  0  0  0  0  0  0  0  0  0  0  0  0  0]
[  702 10704 10801 20701 30802 40601 50601 60901 80904     0     0     0
     0     0     0     0     0     0     0     0     0     0     0     0]
# (S)PhG192
[1 1 1 1 2 2 9 9 0 0 0 0 0 0 0 0 0 0 0 0 0 0 0 0]
[  302 10203 20602 30704 40601 50702 60702     0     0     0     0     0
     0     0     0     0     0     0     0     0     0     0     0     0]
# (S)PhG193
[ 1  1  2  2  4  4  4  9  9 14  0  0  0  0  0  0  0  0  0  0  0  0  0  0]
[  802 10701 10905 20701 30801 40601 50601 60901 70803     0     0     0
     0     0     0     0     0     0     0     0     0     0     0     0]
# (S)PhG194
[1 1 1 2 2 2 9 9 9 0 0 0 0 0 0 0 0 0 0 0 0 0 0 0]
[  702 10804 20601 20801 30601 40701 50802 60703     0     0     0     0
     0     0     0     0     0     0     0     0     0     0     0     0]
# (S)PhG195
[ 1  1  2  4  4 14 14  0  0  0  0  0  0  0  0  0  0  0  0  0  0  0  0  0]
[  103   202 10608 30401 40501 40601     0     0     0     0     0     0
     0     0     0     0     0     0     0     0     0     0     0     0]
# (S)PhG196
[1 1 1 1 2 2 9 0 0 0 0 0 0 0 0 0 0 0 0 0 0 0 0 0]
[  202 10303 10402 20604 30604 50602     0     0     0     0     0     0
     0     0     0     0     0     0     0     0     0     0     0     0]
# (S)PhG197
[1 1 1 1 2 2 9 0 0 0 0 0 0 0 0 0 0 0 0 0 0 0 0 0]
[  302 10203 10502 20602 30606 40601     0     0     0     0     0     0
     0     0     0     0     0     0     0     0     0     0     0     0]
# (S)PhG198
[1 1 2 2 6 8 8 9 9 0 0 0 0 0 0 0 0 0 0 0 0 0 0 0]
[  701 10701 20801 30801 40802 50633 50701 60809     0     0     0     0
     0     0     0     0     0     0     0     0     0     0     0     0]
# (S)PhG199
[1 1 1 2 2 2 9 9 9 0 0 0 0 0 0 0 0 0 0 0 0 0 0 0]
[  601 10804 20502 20801 30701 40601 60703 70801     0     0     0     0
     0     0     0     0     0     0     0     0     0     0     0     0]
# (S)PhG200
[1 1 2 2 2 4 4 4 4 9 9 9 0 0 0 0 0 0 0 0 0 0 0 0]
[   902  10901  11002  20901  31001  41102  50801  60801  70801  71104
 101102      0      0      0      0      0      0      0      0      0
      0      0      0      0]
# (S)PhG201
[1 2 2 2 2 6 9 9 0 0 0 0 0 0 0 0 0 0 0 0 0 0 0 0]
[  403   601 10601 20701 30701 50702 60703     0     0     0     0     0
     0     0     0     0     0     0     0     0     0     0     0     0]
# (S)PhG202
[1 1 2 2 2 6 9 9 0 0 0 0 0 0 0 0 0 0 0 0 0 0 0 0]
[  110 10601 20601 30701 40701 50702 60703     0     0     0     0     0
     0     0     0     0     0     0     0     0     0     0     0     0]
# (S)PhG203
[1 1 2 2 2 8 8 9 9 0 0 0 0 0 0 0 0 0 0 0 0 0 0 0]
[  502 10704 10802 20701 30701 40801 50633 60803     0     0     0     0
     0     0     0     0     0     0     0     0     0     0     0     0]
# (S)PhG204
[1 1 1 2 2 8 8 9 9 0 0 0 0 0 0 0 0 0 0 0 0 0 0 0]
[  701 10701 20602 20804 30801 40804 50633 50701     0     0     0     0
     0     0     0     0     0     0     0     0     0     0     0     0]
# (S)PhG205
[1 2 2 2 2 4 4 4 4 9 9 9 0 0 0 0 0 0 0 0 0 0 0 0]
[  901  1001 10901 21101 31002 41104 50801 60801 70801 71004 91103     0
     0     0     0     0     0     0     0     0     0     0     0     0]
# (S)PhG206
[1 2 2 2 6 6 9 9 0 0 0 0 0 0 0 0 0 0 0 0 0 0 0 0]
[  505   601 10601 20701 30701 40702 60703     0     0     0     0     0
     0     0     0     0     0     0     0     0     0     0     0     0]
# (S)PhG207
[1 1 1 2 2 6 9 9 9 0 0 0 0 0 0 0 0 0 0 0 0 0 0 0]
[  601 10601 20606 20804 30701 40801 50702 70803     0     0     0     0
     0     0     0     0     0     0     0     0     0     0     0     0]
# (S)PhG208
[1 1 1 2 2 8 8 9 9 0 0 0 0 0 0 0 0 0 0 0 0 0 0 0]
[  701 10701 20602 20807 30801 40801 50633 50701     0     0     0     0
     0     0     0     0     0     0     0     0     0     0     0     0]
# (S)PhG209
[1 1 1 2 2 6 9 9 0 0 0 0 0 0 0 0 0 0 0 0 0 0 0 0]
[  601 10601 20606 20707 30701 40701 50702     0     0     0     0     0
     0     0     0     0     0     0     0     0     0     0     0     0]
# (S)PhG210
[1 1 1 2 2 2 9 9 9 0 0 0 0 0 0 0 0 0 0 0 0 0 0 0]
[  601 10601 20606 20701 30701 40801 50801 70806     0     0     0     0
     0     0     0     0     0     0     0     0     0     0     0     0]
# (S)PhG211
[1 1 1 2 2 2 9 9 9 0 0 0 0 0 0 0 0 0 0 0 0 0 0 0]
[  701 10701 20706 20804 30601 40601 50801 60803     0     0     0     0
     0     0     0     0     0     0     0     0     0     0     0     0]
# (S)PhG212
[1 1 1 2 2 8 8 9 0 0 0 0 0 0 0 0 0 0 0 0 0 0 0 0]
[  502 10206 10701 20602 30701 40701 50633     0     0     0     0     0
     0     0     0     0     0     0     0     0     0     0     0     0]
# (S)PhG213
[1 1 2 2 6 8 8 9 0 0 0 0 0 0 0 0 0 0 0 0 0 0 0 0]
[  502 10605 10704 20701 30701 40702 50633     0     0     0     0     0
     0     0     0     0     0     0     0     0     0     0     0     0]
# (S)PhG214
[1 1 2 2 2 4 4 4 4 9 9 9 0 0 0 0 0 0 0 0 0 0 0 0]
[ 1002 10901 11101 20901 31001 41102 50801 60801 70801 71104 91003     0
     0     0     0     0     0     0     0     0     0     0     0     0]
# (S)PhG215
[1 1 2 2 6 8 8 9 9 0 0 0 0 0 0 0 0 0 0 0 0 0 0 0]
[  502 10701 10802 20701 30801 40705 50633 60803     0     0     0     0
     0     0     0     0     0     0     0     0     0     0     0     0]
# (S)PhG216
[1 1 2 2 6 8 8 9 9 0 0 0 0 0 0 0 0 0 0 0 0 0 0 0]
[  502 10702 10804 20701 30801 40802 50633 60703     0     0     0     0
     0     0     0     0     0     0     0     0     0     0     0     0]
# (S)PhG217
[1 1 2 2 6 8 8 9 9 0 0 0 0 0 0 0 0 0 0 0 0 0 0 0]
[  502 10605 10701 20701 30801 40802 50633 70803     0     0     0     0
     0     0     0     0     0     0     0     0     0     0     0     0]
# (S)PhG218
[1 1 2 2 2 8 8 9 9 0 0 0 0 0 0 0 0 0 0 0 0 0 0 0]
[  502 10701 10802 20701 30801 40704 50633 60803     0     0     0     0
     0     0     0     0     0     0     0     0     0     0     0     0]
# (S)PhG219
[1 1 2 2 2 6 9 9 9 0 0 0 0 0 0 0 0 0 0 0 0 0 0 0]
[  808 10601 10802 20601 30701 40801 50702 60703     0     0     0     0
     0     0     0     0     0     0     0     0     0     0     0     0]
# (S)PhG220
[1 1 2 2 6 8 8 9 9 9 0 0 0 0 0 0 0 0 0 0 0 0 0 0]
[  701 10701 20801 30901 40802 50633 50701 60903 80906     0     0     0
     0     0     0     0     0     0     0     0     0     0     0     0]
# (S)PhG221
[ 1  2  2  4  4  9 14 14  0  0  0  0  0  0  0  0  0  0  0  0  0  0  0  0]
[  102   504 20502 30401 30504 40601 40701     0     0     0     0     0
     0     0     0     0     0     0     0     0     0     0     0     0]
# (S)PhG222
[1 2 2 2 2 6 9 9 9 0 0 0 0 0 0 0 0 0 0 0 0 0 0 0]
[  708 10601 20701 30801 40801 50802 60703 60803     0     0     0     0
     0     0     0     0     0     0     0     0     0     0     0     0]
# (S)PhG223
[ 1  2  2  2  4  4  4  9  9 14  0  0  0  0  0  0  0  0  0  0  0  0  0  0]
[  305   702 10701 20802 40601 50601 50804 60901 70802     0     0     0
     0     0     0     0     0     0     0     0     0     0     0     0]
# (S)PhG224
[1 2 2 2 2 8 8 9 9 9 0 0 0 0 0 0 0 0 0 0 0 0 0 0]
[  502 10701 20701 30801 40901 50633 60803 70903 80903     0     0     0
     0     0     0     0     0     0     0     0     0     0     0     0]
# (S)PhG225
[ 2  2  4  9 14 14 14  0  0  0  0  0  0  0  0  0  0  0  0  0  0  0  0  0]
[  302 10306 20401 20501 20601 30604     0     0     0     0     0     0
     0     0     0     0     0     0     0     0     0     0     0     0]
# (S)PhG226
[1 1 1 2 2 2 9 9 9 0 0 0 0 0 0 0 0 0 0 0 0 0 0 0]
[  701 10701 20604 20802 30601 40601 50801 70807     0     0     0     0
     0     0     0     0     0     0     0     0     0     0     0     0]
# (S)PhG227
[1 1 1 2 2 6 9 9 0 0 0 0 0 0 0 0 0 0 0 0 0 0 0 0]
[  601 10601 20609 20704 30701 40701 50702     0     0     0     0     0
     0     0     0     0     0     0     0     0     0     0     0     0]
# (S)PhG228
[1 1 2 2 2 6 9 9 9 0 0 0 0 0 0 0 0 0 0 0 0 0 0 0]
[  601 10601 20701 30801 40801 50802 60707 70806     0     0     0     0
     0     0     0     0     0     0     0     0     0     0     0     0]
# (S)PhG229
[1 1 1 2 2 6 9 9 9 0 0 0 0 0 0 0 0 0 0 0 0 0 0 0]
[  601 10601 20606 20701 30701 40801 50802 70806     0     0     0     0
     0     0     0     0     0     0     0     0     0     0     0     0]
# (S)PhG230
[1 1 1 1 2 2 9 9 9 0 0 0 0 0 0 0 0 0 0 0 0 0 0 0]
[  701 10701 20805 30601 30706 40601 50801 60803     0     0     0     0
     0     0     0     0     0     0     0     0     0     0     0     0]
# (S)PhG231
[1 1 2 2 2 8 8 9 9 9 0 0 0 0 0 0 0 0 0 0 0 0 0 0]
[  701 10701 20801 30801 40901 50633 50701 60906 80903     0     0     0
     0     0     0     0     0     0     0     0     0     0     0     0]
# (S)PhG232
[1 1 2 2 2 6 9 9 9 0 0 0 0 0 0 0 0 0 0 0 0 0 0 0]
[  601 10601 20701 30801 40801 50802 60710 70803     0     0     0     0
     0     0     0     0     0     0     0     0     0     0     0     0]
# (S)PhG233
[1 1 2 2 2 2 9 9 9 9 0 0 0 0 0 0 0 0 0 0 0 0 0 0]
[  701 10701 20601 30601 40801 50901 60803 70907 80903     0     0     0
     0     0     0     0     0     0     0     0     0     0     0     0]
# (S)PhG234
[ 1  1  2  4  4  9 14 14  0  0  0  0  0  0  0  0  0  0  0  0  0  0  0  0]
[  103 10502 20501 30401 30506 40601 40701     0     0     0     0     0
     0     0     0     0     0     0     0     0     0     0     0     0]
# (S)PhG235
[1 1 1 1 2 2 9 9 9 0 0 0 0 0 0 0 0 0 0 0 0 0 0 0]
[  601 10601 20303 30702 40701 50802 60805 70802     0     0     0     0
     0     0     0     0     0     0     0     0     0     0     0     0]
# (S)PhG236
[1 2 2 2 6 6 9 9 9 0 0 0 0 0 0 0 0 0 0 0 0 0 0 0]
[  402   601 10601 20701 30801 50702 60803 70803     0     0     0     0
     0     0     0     0     0     0     0     0     0     0     0     0]
# (S)PhG237
[1 2 2 2 6 6 9 9 0 0 0 0 0 0 0 0 0 0 0 0 0 0 0 0]
[  402   601 10601 20701 30701 50702 60706     0     0     0     0     0
     0     0     0     0     0     0     0     0     0     0     0     0]
# (S)PhG238
[1 2 2 2 6 6 9 9 0 0 0 0 0 0 0 0 0 0 0 0 0 0 0 0]
[  402   604 10601 20701 30701 50702 60703     0     0     0     0     0
     0     0     0     0     0     0     0     0     0     0     0     0]
# (S)PhG239
[1 1 1 2 6 8 8 9 9 0 0 0 0 0 0 0 0 0 0 0 0 0 0 0]
[  701 10701 20602 20807 30801 40802 50633 50701     0     0     0     0
     0     0     0     0     0     0     0     0     0     0     0     0]
# (S)PhG240
[1 1 1 2 2 8 8 9 9 0 0 0 0 0 0 0 0 0 0 0 0 0 0 0]
[  701 10701 20602 20801 30801 40807 50633 50701     0     0     0     0
     0     0     0     0     0     0     0     0     0     0     0     0]
# (S)PhG241
[1 1 1 2 6 8 8 9 9 0 0 0 0 0 0 0 0 0 0 0 0 0 0 0]
[  701 10701 20605 20804 30801 40802 50633 50701     0     0     0     0
     0     0     0     0     0     0     0     0     0     0     0     0]
# (S)PhG242
[1 1 1 2 2 8 8 9 9 0 0 0 0 0 0 0 0 0 0 0 0 0 0 0]
[  701 10701 20605 20804 30801 40801 50633 50701     0     0     0     0
     0     0     0     0     0     0     0     0     0     0     0     0]
# (S)PhG243
[1 1 2 2 2 4 4 4 4 9 9 0 0 0 0 0 0 0 0 0 0 0 0 0]
[  904  1001 10302 10902 20901 41002 50801 60801 70801 71004     0     0
     0     0     0     0     0     0     0     0     0     0     0     0]
# (S)PhG244
[1 1 1 2 6 8 8 9 9 0 0 0 0 0 0 0 0 0 0 0 0 0 0 0]
[  701 10701 20406 20802 30801 50633 50701 60803     0     0     0     0
     0     0     0     0     0     0     0     0     0     0     0     0]
# (S)PhG245
[1 1 1 2 6 8 8 9 9 0 0 0 0 0 0 0 0 0 0 0 0 0 0 0]
[  701 10701 20605 20801 30801 40805 50633 50701     0     0     0     0
     0     0     0     0     0     0     0     0     0     0     0     0]
# (S)PhG246
[1 1 1 2 2 8 8 9 9 0 0 0 0 0 0 0 0 0 0 0 0 0 0 0]
[  701 10701 20402 20802 30801 50633 50701 60803     0     0     0     0
     0     0     0     0     0     0     0     0     0     0     0     0]
# (S)PhG247
[1 1 1 2 2 6 9 9 9 0 0 0 0 0 0 0 0 0 0 0 0 0 0 0]
[  701 10701 20601 20802 30601 40801 50605 70807     0     0     0     0
     0     0     0     0     0     0     0     0     0     0     0     0]
# (S)PhG248
[1 1 1 2 2 8 8 9 9 0 0 0 0 0 0 0 0 0 0 0 0 0 0 0]
[  701 10701 20405 20802 30801 50633 50701 60803     0     0     0     0
     0     0     0     0     0     0     0     0     0     0     0     0]
# (S)PhG249
[1 1 2 2 2 6 9 9 0 0 0 0 0 0 0 0 0 0 0 0 0 0 0 0]
[  608 10602 10704 20601 30701 40701 50702     0     0     0     0     0
     0     0     0     0     0     0     0     0     0     0     0     0]
# (S)PhG250
[1 1 1 2 2 6 9 9 9 0 0 0 0 0 0 0 0 0 0 0 0 0 0 0]
[  601 10601 20704 20802 30701 40801 50702 60807     0     0     0     0
     0     0     0     0     0     0     0     0     0     0     0     0]
# (S)PhG251
[1 1 1 2 2 8 8 9 9 0 0 0 0 0 0 0 0 0 0 0 0 0 0 0]
[  701 10701 20605 20801 30801 40804 50633 50701     0     0     0     0
     0     0     0     0     0     0     0     0     0     0     0     0]
# (S)PhG252
[1 1 1 2 2 6 9 9 9 0 0 0 0 0 0 0 0 0 0 0 0 0 0 0]
[  701 10701 20601 20709 30601 40801 50802 60803     0     0     0     0
     0     0     0     0     0     0     0     0     0     0     0     0]
# (S)PhG253
[ 1  2  2  2  4  4  4  9  9 14  0  0  0  0  0  0  0  0  0  0  0  0  0  0]
[  305   702 10701 20802 40601 50601 60901 70802 80904     0     0     0
     0     0     0     0     0     0     0     0     0     0     0     0]
# (S)PhG254
[1 1 1 2 2 6 9 9 0 0 0 0 0 0 0 0 0 0 0 0 0 0 0 0]
[  207 10601 10702 20704 30601 40701 50602     0     0     0     0     0
     0     0     0     0     0     0     0     0     0     0     0     0]
# (S)PhG255
[1 1 2 2 6 6 9 0 0 0 0 0 0 0 0 0 0 0 0 0 0 0 0 0]
[  106   601 10402 20601 30601 50602     0     0     0     0     0     0
     0     0     0     0     0     0     0     0     0     0     0     0]
# (S)PhG256
[1 1 1 2 2 6 9 0 0 0 0 0 0 0 0 0 0 0 0 0 0 0 0 0]
[  207 10206 10601 30601 40601 50602     0     0     0     0     0     0
     0     0     0     0     0     0     0     0     0     0     0     0]
# (S)PhG257
[ 1  2  2  2  4  4  4  9  9 14  0  0  0  0  0  0  0  0  0  0  0  0  0  0]
[  701   801 10701 20802 30707 40601 50601 60901 80904     0     0     0
     0     0     0     0     0     0     0     0     0     0     0     0]
# (S)PhG258
[1 1 1 1 1 2 9 0 0 0 0 0 0 0 0 0 0 0 0 0 0 0 0 0]
[  601 10601 20405 20601 30403 30502     0     0     0     0     0     0
     0     0     0     0     0     0     0     0     0     0     0     0]
# (S)PhG259
[1 1 1 1 1 2 9 9 0 0 0 0 0 0 0 0 0 0 0 0 0 0 0 0]
[  601 10601 20403 30403 30701 50702 60705     0     0     0     0     0
     0     0     0     0     0     0     0     0     0     0     0     0]
# (S)PhG260
[ 1  1  2  2  4  4  4  9 14  0  0  0  0  0  0  0  0  0  0  0  0  0  0  0]
[  103   202 10704 30702 40601 50601 50704 60801     0     0     0     0
     0     0     0     0     0     0     0     0     0     0     0     0]
# (S)PhG261
[1 1 1 1 1 2 9 0 0 0 0 0 0 0 0 0 0 0 0 0 0 0 0 0]
[  601 10601 20305 20601 30403 40505     0     0     0     0     0     0
     0     0     0     0     0     0     0     0     0     0     0     0]
# (S)PhG262
[1 1 2 2 2 4 4 4 4 9 9 0 0 0 0 0 0 0 0 0 0 0 0 0]
[  901  1001 10405 10902 20901 31002 50801 60801 70801 71004     0     0
     0     0     0     0     0     0     0     0     0     0     0     0]
# (S)PhG263
[1 2 2 2 2 4 4 4 4 9 9 9 0 0 0 0 0 0 0 0 0 0 0 0]
[   302    902  10901  21001  41102  50801  60801  70801  71104  91003
 101102      0      0      0      0      0      0      0      0      0
      0      0      0      0]
# (S)PhG264
[1 1 1 1 1 2 9 9 0 0 0 0 0 0 0 0 0 0 0 0 0 0 0 0]
[  601 10601 20702 30405 30601 40701 50701     0     0     0     0     0
     0     0     0     0     0     0     0     0     0     0     0     0]
# (S)PhG265
[1 1 1 1 1 2 9 9 0 0 0 0 0 0 0 0 0 0 0 0 0 0 0 0]
[  601 10601 20303 30701 40601 40704 50702     0     0     0     0     0
     0     0     0     0     0     0     0     0     0     0     0     0]
# (S)PhG266
[ 1  2  2  2  4  4  4  9  9  9 14  0  0  0  0  0  0  0  0  0  0  0  0  0]
[  702 10701 20801 30902 40601 50601 61001 70803 80902 91004     0     0
     0     0     0     0     0     0     0     0     0     0     0     0]
# (S)PhG267
[1 2 2 2 2 4 4 4 4 9 9 9 0 0 0 0 0 0 0 0 0 0 0 0]
[   901   1002  10901  21001  31102  40904  50801  60801  70801  71104
 101102      0      0      0      0      0      0      0      0      0
      0      0      0      0]
# (S)PhG268
[1 1 2 2 2 4 4 4 4 9 9 0 0 0 0 0 0 0 0 0 0 0 0 0]
[  901  1002 10402 10902 20901 31001 50801 60801 70801 71006     0     0
     0     0     0     0     0     0     0     0     0     0     0     0]
# (S)PhG269
[1 1 1 1 2 2 9 9 0 0 0 0 0 0 0 0 0 0 0 0 0 0 0 0]
[  604 10708 20502 20601 30602 30702 40701     0     0     0     0     0
     0     0     0     0     0     0     0     0     0     0     0     0]
# (S)PhG270
[1 1 1 2 6 6 9 0 0 0 0 0 0 0 0 0 0 0 0 0 0 0 0 0]
[  103   601 10402 20503 20602 30601     0     0     0     0     0     0
     0     0     0     0     0     0     0     0     0     0     0     0]
# (S)PhG271
[1 1 1 1 2 2 9 0 0 0 0 0 0 0 0 0 0 0 0 0 0 0 0 0]
[  604 10303 10601 20303 20402 50602     0     0     0     0     0     0
     0     0     0     0     0     0     0     0     0     0     0     0]
# (S)PhG272
[1 1 1 1 2 2 9 0 0 0 0 0 0 0 0 0 0 0 0 0 0 0 0 0]
[  105 10601 20303 20502 30602 40601     0     0     0     0     0     0
     0     0     0     0     0     0     0     0     0     0     0     0]
# (S)PhG273
[1 1 1 1 2 2 9 9 0 0 0 0 0 0 0 0 0 0 0 0 0 0 0 0]
[  303 10704 20601 20701 30602 40601 50702     0     0     0     0     0
     0     0     0     0     0     0     0     0     0     0     0     0]
# (S)PhG274
[ 1  1  4 14 14 14  0  0  0  0  0  0  0  0  0  0  0  0  0  0  0  0  0  0]
[  103 10505 20301 20401 20501     0     0     0     0     0     0     0
     0     0     0     0     0     0     0     0     0     0     0     0]
# (S)PhG275
[ 1  1  1  2  4  4  4  9 14  0  0  0  0  0  0  0  0  0  0  0  0  0  0  0]
[  203 10701 10805 20702 30701 40601 50601 60801     0     0     0     0
     0     0     0     0     0     0     0     0     0     0     0     0]
# (S)PhG276
[1 1 1 1 2 2 9 0 0 0 0 0 0 0 0 0 0 0 0 0 0 0 0 0]
[  302 10203 10601 20402 30604 50602     0     0     0     0     0     0
     0     0     0     0     0     0     0     0     0     0     0     0]
# (S)PhG277
[ 1  1  1  2  4  4  4  9 14  0  0  0  0  0  0  0  0  0  0  0  0  0  0  0]
[  203 10203 10701 30702 40601 50601 60801 70804     0     0     0     0
     0     0     0     0     0     0     0     0     0     0     0     0]
# (S)PhG278
[1 1 1 1 2 2 9 9 0 0 0 0 0 0 0 0 0 0 0 0 0 0 0 0]
[  601 10601 20308 20601 30701 40701 50704     0     0     0     0     0
     0     0     0     0     0     0     0     0     0     0     0     0]
# (S)PhG279
[1 1 1 1 2 2 9 9 0 0 0 0 0 0 0 0 0 0 0 0 0 0 0 0]
[  601 10601 20601 20706 30502 30702 40701     0     0     0     0     0
     0     0     0     0     0     0     0     0     0     0     0     0]
# (S)PhG280
[1 1 1 1 2 2 9 9 0 0 0 0 0 0 0 0 0 0 0 0 0 0 0 0]
[  601 10601 20601 20704 30402 30704 50702     0     0     0     0     0
     0     0     0     0     0     0     0     0     0     0     0     0]
# (S)PhG281
[ 1  1  2  4  4 14 14  0  0  0  0  0  0  0  0  0  0  0  0  0  0  0  0  0]
[  103   202 10605 30401 40501 40601     0     0     0     0     0     0
     0     0     0     0     0     0     0     0     0     0     0     0]
# (S)PhG282
[1 1 1 1 2 6 9 9 0 0 0 0 0 0 0 0 0 0 0 0 0 0 0 0]
[  601 10601 20503 20702 30606 30704 40701     0     0     0     0     0
     0     0     0     0     0     0     0     0     0     0     0     0]
# (S)PhG283
[1 1 1 2 2 8 8 9 9 0 0 0 0 0 0 0 0 0 0 0 0 0 0 0]
[  701 10701 20801 30801 40801 50632 50701 60801     0     0     0     0
     0     0     0     0     0     0     0     0     0     0     0     0]
# (S)PhG284
[1 1 2 2 2 6 9 9 0 0 0 0 0 0 0 0 0 0 0 0 0 0 0 0]
[  608 10605 10701 20601 30701 40701 50702     0     0     0     0     0
     0     0     0     0     0     0     0     0     0     0     0     0]
# (S)PhG285
[ 1  1  2  2  4  4  4  9 14  0  0  0  0  0  0  0  0  0  0  0  0  0  0  0]
[  701   805 10305 10702 20701 40601 50601 60801     0     0     0     0
     0     0     0     0     0     0     0     0     0     0     0     0]
# (S)PhG286
[1 2 2 2 2 6 9 9 0 0 0 0 0 0 0 0 0 0 0 0 0 0 0 0]
[  602   701 10601 20701 30701 40604 50702     0     0     0     0     0
     0     0     0     0     0     0     0     0     0     0     0     0]
# (S)PhG287
[1 1 1 2 2 2 9 9 0 0 0 0 0 0 0 0 0 0 0 0 0 0 0 0]
[  701 10203 10601 20702 30601 40601 50701     0     0     0     0     0
     0     0     0     0     0     0     0     0     0     0     0     0]
# (S)PhG288
[1 1 1 2 2 6 9 0 0 0 0 0 0 0 0 0 0 0 0 0 0 0 0 0]
[  203   601 10402 10602 20502 30601     0     0     0     0     0     0
     0     0     0     0     0     0     0     0     0     0     0     0]
# (S)PhG289
[1 1 1 1 2 6 9 9 0 0 0 0 0 0 0 0 0 0 0 0 0 0 0 0]
[  701 10701 20303 20601 30706 40601 50605     0     0     0     0     0
     0     0     0     0     0     0     0     0     0     0     0     0]
# (S)PhG290
[1 1 1 2 2 6 9 0 0 0 0 0 0 0 0 0 0 0 0 0 0 0 0 0]
[  203 10203 10601 30601 40601 50602     0     0     0     0     0     0
     0     0     0     0     0     0     0     0     0     0     0     0]
# (S)PhG291
[1 1 1 2 2 6 9 0 0 0 0 0 0 0 0 0 0 0 0 0 0 0 0 0]
[  203   601 10203 10502 30601 40601     0     0     0     0     0     0
     0     0     0     0     0     0     0     0     0     0     0     0]
# (S)PhG292
[1 1 1 1 2 8 8 9 0 0 0 0 0 0 0 0 0 0 0 0 0 0 0 0]
[  701 10701 20303 20602 30405 50633 50701     0     0     0     0     0
     0     0     0     0     0     0     0     0     0     0     0     0]
# (S)PhG293
[ 1  2  2  2  4  4  4  9  9 14  0  0  0  0  0  0  0  0  0  0  0  0  0  0]
[  701   801 10701 20802 30704 40601 50601 50804 60901     0     0     0
     0     0     0     0     0     0     0     0     0     0     0     0]
# (S)PhG294
[1 1 1 1 2 6 9 9 0 0 0 0 0 0 0 0 0 0 0 0 0 0 0 0]
[  601 10601 20303 20704 30606 40701 50702     0     0     0     0     0
     0     0     0     0     0     0     0     0     0     0     0     0]
# (S)PhG295
[1 1 1 2 2 2 9 9 0 0 0 0 0 0 0 0 0 0 0 0 0 0 0 0]
[  704 10601 10701 20505 20602 30601 40702     0     0     0     0     0
     0     0     0     0     0     0     0     0     0     0     0     0]
# (S)PhG296
[1 1 1 1 2 2 9 9 0 0 0 0 0 0 0 0 0 0 0 0 0 0 0 0]
[  701 10701 20303 20604 30706 40601 50601     0     0     0     0     0
     0     0     0     0     0     0     0     0     0     0     0     0]
# (S)PhG297
[1 1 2 2 2 8 8 9 0 0 0 0 0 0 0 0 0 0 0 0 0 0 0 0]
[  602 10404 10701 20701 30701 50632 50701     0     0     0     0     0
     0     0     0     0     0     0     0     0     0     0     0     0]
# (S)PhG298
[1 1 1 1 2 2 9 9 0 0 0 0 0 0 0 0 0 0 0 0 0 0 0 0]
[  303 10704 20502 20701 30601 40601 60701     0     0     0     0     0
     0     0     0     0     0     0     0     0     0     0     0     0]
# (S)PhG299
[ 1  1  2  2  4  4  4  9 14  0  0  0  0  0  0  0  0  0  0  0  0  0  0  0]
[  103   701 10305 20702 40601 50601 60801 70804     0     0     0     0
     0     0     0     0     0     0     0     0     0     0     0     0]
